1000
16 96 54
97 10 17
92 82 14
19 61 77
83 12 56
88 5 55
69 77 100
69 26 21
72 15 93
54 8 62
13 17 1
91 47 20
70 72 24
84 48 1
56 22 38
39 81 80
84 75 56
28 100 1
29 81 85
38 73 58
16 81 80
96 67 6
23 58 58
73 100 14
1 97 39
59 78 24
45 12 15
43 24 79
32 27 27
67 68 52
47 85 3
83 81 21
63 43 23
80 5 56
99 70 86
75 23 60
32 14 83
100 27 67
10 5 43
36 22 35
36 64 15
62 90 75
61 87 41
18 61 15
41 32 82
68 45 5
91 61 19
91 9 77
27 69 53
35 71 80
84 32 46
44 68 69
100 33 89
43 9 84
29 11 42
95 61 13
31 83 25
68 23 92
35 87 31
48 16 37
88 55 34
81 40 43
92 40 17
82 86 16
48 46 58
80 32 67
87 78 17
34 38 11
24 66 29
63 75 34
75 18 15
34 5 87
31 10 68
67 89 59
57 71 100
27 23 72
23 24 41
88 27 3
46 25 23
42 7 15
77 61 9
91 96 80
94 54 91
97 18 34
57 61 15
13 45 52
24 24 77
6 23 99
100 9 27
85 93 63
74 98 45
29 2 60
30 94 18
92 31 9
33 12 86
100 35 40
10 22 75
30 5 55
39 42 75
66 92 12
53 92 12
90 70 34
50 20 90
90 69 60
20 94 40
42 93 63
47 8 15
12 9 17
41 85 26
7 21 17
36 65 62
21 61 42
49 47 74
47 1 94
31 3 8
95 23 15
90 14 81
4 38 5
41 97 37
18 56 55
52 20 71
1 54 73
45 54 78
75 97 59
56 61 7
65 39 45
25 43 2
32 68 96
86 23 47
2 100 54
28 12 87
21 99 3
39 39 55
99 8 47
100 23 20
72 69 8
42 91 58
72 40 83
17 36 76
12 7 78
44 26 6
24 64 84
55 77 36
7 79 5
85 67 94
2 96 76
79 88 11
62 17 79
22 28 37
2 20 12
84 38 75
76 47 70
13 69 20
0 20 21
81 3 94
25 12 74
20 41 6
90 63 36
86 33 83
85 96 27
37 62 67
36 69 53
3 31 48
93 37 34
29 75 87
33 69 55
29 16 45
81 64 71
32 81 7
47 32 85
96 33 27
30 41 28
11 78 3
80 33 25
27 5 38
27 23 13
58 20 9
20 73 91
80 78 67
88 58 41
4 80 61
12 65 66
7 55 65
34 54 33
59 19 85
49 2 81
7 55 85
46 60 37
64 76 28
52 27 39
35 99 22
77 89 75
79 69 11
4 92 13
92 55 47
4 57 29
37 17 62
25 23 43
79 46 84
100 17 30
98 96 13
73 66 59
67 19 16
5 34 58
61 95 87
16 12 2
70 35 42
19 8 1
93 8 68
1 95 53
83 53 23
29 37 5
74 3 72
0 71 40
32 77 66
33 39 73
100 28 10
54 18 72
14 72 37
45 70 62
96 28 17
96 80 66
57 26 71
1 81 66
96 2 72
34 72 48
53 89 74
20 56 46
55 71 46
80 53 38
15 12 1
89 99 82
37 77 96
13 99 9
5 98 52
78 84 95
69 96 28
38 68 94
64 38 29
8 67 44
100 61 33
51 22 21
52 96 17
29 21 89
43 82 22
67 83 21
71 75 25
77 91 2
22 41 17
80 46 30
40 67 34
43 19 26
90 16 86
29 35 24
33 17 14
57 41 42
37 92 57
22 4 96
58 27 76
25 76 48
90 69 64
8 3 76
48 59 23
52 72 19
99 99 99
2 64 93
22 95 30
16 86 48
83 89 31
81 38 96
91 22 82
53 100 79
17 26 74
1 13 64
17 69 21
42 67 86
62 57 13
76 58 19
62 86 17
0 55 55
61 9 64
31 43 35
54 99 95
100 1 1
45 39 5
70 87 37
78 21 43
100 97 2
33 20 79
12 55 55
75 93 5
7 33 36
33 61 4
66 90 100
2 9 3
85 71 33
21 26 87
70 67 75
43 58 83
75 9 23
13 66 1
47 39 84
62 46 8
81 79 13
56 30 6
98 83 39
58 18 38
25 74 22
2 67 55
4 17 11
100 98 41
53 5 47
1 52 5
60 24 94
7 83 47
48 77 79
73 5 80
53 80 34
57 76 73
64 88 26
95 88 7
47 27 8
82 47 46
6 36 66
80 74 70
74 27 60
95 59 36
85 16 71
15 70 53
18 95 60
17 79 13
78 28 94
7 84 22
23 21 97
49 79 11
67 23 25
7 13 7
93 92 92
14 12 58
46 100 80
11 69 57
76 82 99
6 97 77
70 91 100
34 59 57
2 76 15
36 86 34
64 85 30
92 7 98
83 39 80
41 9 44
79 48 79
4 95 82
93 73 82
46 18 82
93 91 57
37 43 86
93 28 75
90 67 82
69 62 92
38 6 39
54 28 31
36 98 30
100 45 18
63 38 11
100 47 93
35 73 75
100 6 94
55 65 61
31 11 98
89 48 39
6 33 77
38 100 15
15 19 12
31 47 82
58 36 22
77 31 9
24 29 11
94 73 33
73 60 73
30 29 57
78 22 46
21 81 30
95 52 21
14 63 94
82 87 30
24 100 35
34 16 89
90 93 62
94 13 95
93 68 55
17 37 79
27 39 58
13 9 38
38 15 17
14 46 40
74 76 22
71 8 8
99 62 71
13 42 34
13 55 55
57 64 92
54 36 40
38 8 35
40 5 31
25 24 95
35 8 16
99 8 69
17 78 67
77 89 85
94 6 97
39 5 87
84 63 23
87 20 40
87 57 12
33 34 86
59 72 79
28 96 15
55 93 15
50 22 39
16 79 40
19 53 6
43 54 4
53 61 85
93 6 84
56 80 4
91 2 11
30 9 85
66 20 11
85 85 71
79 13 6
33 60 68
6 37 12
57 27 68
67 10 77
33 29 79
100 84 72
100 26 16
77 18 99
21 66 14
13 62 100
0 65 91
35 9 73
43 82 18
20 98 70
90 24 63
93 73 87
59 89 41
97 83 99
34 68 35
82 98 10
93 24 72
91 10 23
74 86 76
55 32 37
91 54 60
68 55 29
80 22 42
99 41 62
68 94 26
41 62 75
72 21 28
32 43 54
65 70 12
5 85 97
53 6 61
38 36 53
82 32 14
100 91 95
76 5 76
33 6 28
16 43 68
98 13 29
82 77 39
16 86 46
98 28 93
26 26 94
4 90 64
87 12 14
25 17 18
28 43 83
86 22 44
73 6 68
77 75 53
71 83 38
94 53 82
65 34 26
6 90 18
99 60 89
63 39 40
35 55 45
23 34 79
34 92 25
20 62 88
91 5 25
0 44 99
4 42 74
66 43 12
17 24 45
45 61 96
16 48 34
19 23 85
68 85 59
74 73 98
62 24 38
67 7 97
50 82 26
89 86 90
70 16 5
46 71 15
88 17 98
8 58 1
60 98 27
98 85 38
38 18 100
89 37 94
79 48 76
69 96 3
72 98 89
32 15 55
35 57 4
13 46 10
53 90 67
70 70 72
78 23 25
50 91 58
25 68 86
66 89 30
46 59 25
91 77 4
23 68 11
21 1 14
59 83 100
82 45 77
52 68 7
57 52 31
5 5 86
56 44 57
79 37 2
58 85 42
93 81 97
79 6 30
48 39 20
94 11 37
20 2 14
22 88 73
30 60 84
54 47 14
78 3 72
66 17 16
30 57 67
29 71 99
22 21 46
73 81 87
86 15 32
82 97 70
90 48 65
67 43 20
75 55 81
100 74 54
56 35 42
83 83 38
41 98 74
79 4 33
93 79 38
98 80 87
25 61 69
10 55 4
75 36 52
84 95 42
52 90 42
12 83 57
60 81 24
36 17 39
85 7 21
44 62 13
72 45 65
84 1 80
0 92 67
48 19 14
63 74 95
96 55 72
57 85 91
25 18 17
27 6 1
52 37 89
30 64 56
39 12 84
13 21 19
57 66 7
60 38 13
100 68 14
95 20 58
50 36 93
30 86 56
51 52 94
1 7 59
35 81 8
71 75 75
82 24 95
28 53 36
33 56 65
37 65 24
54 93 10
78 13 34
69 11 77
91 41 56
15 81 30
25 65 34
29 36 86
52 39 2
63 5 13
82 70 56
53 66 72
98 38 32
63 97 5
55 94 27
15 28 37
4 25 17
84 79 64
13 47 81
33 55 85
93 40 71
54 53 91
8 2 87
8 88 1
53 86 23
90 37 82
23 7 3
74 77 38
91 83 54
99 92 60
77 97 48
100 31 11
25 63 58
75 31 59
73 79 96
34 14 7
5 36 8
6 68 91
65 42 19
54 98 4
70 44 46
76 10 62
57 92 78
10 33 56
79 67 41
45 58 69
80 25 64
62 18 5
2 59 23
41 88 72
40 58 61
53 85 73
45 39 23
65 89 98
56 1 93
40 9 35
23 74 80
100 37 76
100 66 13
5 42 25
87 63 13
50 66 61
86 89 75
50 45 96
22 89 58
30 61 23
17 2 33
6 57 10
31 11 66
100 89 79
1 69 27
8 87 8
73 43 35
99 13 4
66 75 25
84 18 41
96 23 79
54 84 77
87 37 39
17 55 29
53 28 74
99 3 95
32 67 10
17 73 94
67 94 53
29 90 66
7 56 41
4 64 27
19 13 36
4 99 54
13 9 61
75 76 37
83 98 82
61 55 7
3 38 18
30 5 25
37 13 100
28 44 77
42 67 14
76 87 22
51 37 95
8 13 21
15 87 67
2 86 38
95 62 96
30 64 33
99 26 64
72 82 11
94 62 11
23 17 75
11 45 87
12 72 15
79 94 60
97 7 12
68 31 60
83 27 46
51 65 58
91 2 12
98 41 60
79 91 11
49 97 30
59 22 76
92 38 94
27 81 7
96 95 29
61 12 61
67 3 26
57 58 89
79 20 6
45 24 72
42 65 78
57 75 18
23 65 87
97 58 73
5 47 9
63 93 100
47 92 81
54 72 3
31 40 41
16 81 32
33 84 61
51 46 69
56 82 23
61 11 97
23 5 33
48 52 2
95 92 84
72 84 72
10 86 69
59 30 95
100 54 94
56 83 72
48 100 7
52 27 3
39 62 19
20 71 63
47 12 95
70 100 38
67 60 99
93 85 66
69 25 52
81 4 75
44 88 41
46 13 67
10 9 17
93 62 100
71 81 41
78 28 15
69 39 59
16 58 42
5 4 81
80 65 25
12 3 26
76 21 60
8 59 6
61 63 52
84 5 4
44 52 32
19 25 7
81 14 29
42 12 84
75 68 11
40 31 94
7 29 86
69 91 72
11 32 65
33 70 76
52 22 97
1 73 59
81 69 83
19 15 33
49 32 95
16 10 4
50 96 59
56 57 34
93 21 57
54 70 59
95 24 55
40 87 59
37 59 59
26 57 61
67 53 15
61 38 36
52 71 59
90 76 61
10 34 81
47 53 21
20 28 98
100 55 38
24 57 9
75 40 70
98 6 75
45 19 56
88 98 52
61 71 58
85 12 5
35 29 87
31 57 62
100 89 96
32 60 75
89 48 41
57 75 37
5 92 68
82 89 7
17 89 70
4 86 31
37 54 52
16 39 79
76 45 72
43 30 26
83 62 4
100 89 76
95 85 81
74 24 4
84 70 75
55 82 52
82 94 57
93 62 88
25 25 97
79 74 13
3 98 22
38 3 52
70 25 2
67 5 11
42 8 52
16 35 59
47 74 14
76 85 40
84 63 8
75 18 61
44 31 91
34 10 100
12 39 71
56 92 59
13 68 39
54 6 54
80 60 28
75 71 84
77 21 90
52 79 8
73 94 45
11 92 53
79 7 62
18 57 73
20 46 63
76 9 32
68 88 23
56 91 37
20 18 1
32 74 85
56 56 52
5 47 66
9 67 98
23 7 39
81 64 70
48 86 21
83 21 71
52 69 42
74 86 67
0 99 43
25 40 82
46 83 61
66 25 14
53 97 9
60 81 83
71 52 15
14 30 25
62 48 83
91 65 22
18 66 28
84 79 48
7 95 21
11 30 40
22 42 25
81 16 88
11 5 82
98 69 74
63 18 95
82 28 71
3 75 98
79 6 20
55 94 1
23 8 13
49 11 58
66 68 37
17 17 24
40 79 88
90 72 20
85 33 65
78 92 39
58 12 24
51 66 33
62 67 78
87 21 91
47 25 9
25 55 35
2 77 57
73 94 6
97 40 45
61 53 3
54 12 86
48 55 54
43 41 16
100 70 91
17 32 44
91 10 57
65 77 89
91 86 32
69 44 38
32 96 39
90 78 19
84 30 23
10 28 72
19 32 19
99 77 4
85 68 41
90 22 23
67 14 93
41 12 92
49 43 41
41 31 52
14 60 30
77 88 1
40 76 92
77 75 10
54 31 99
39 85 37
8 44 91
28 95 98
79 26 26
58 90 100
75 30 25
27 86 68
85 84 21
89 80 48
19 57 99
91 63 31
50 69 97
24 84 57
98 22 42
52 10 20
0 33 60
22 14 70
90 58 66
6 54 76
10 38 38
36 12 28
7 72 10
72 73 82
80 80 99
34 15 71
96 10 58
12 88 91
45 58 33
1 90 31
97 81 53
11 73 54
33 24 78
47 27 41
2 93 86
17 46 54
31 9 91
26 4 85
0 20 25
81 13 32
55 99 81
85 85 34
9 76 39
82 42 37
41 54 55
17 43 82
81 88 84
12 59 63
67 48 15
34 92 69
38 2 57
26 54 1
65 19 26
