50
24
2 9 17
0
0
2 2 16
0
0
1 3
0
0
0
2 12 24
0
2 14 15
0
2 23 21
2 22 7
2 5 18
2 6 4
2 20 1
0
2 8 11
0
0
2 10 19
24
2 17 10
2 9 13
0
0
0
2 12 18
2 20 23
0
0
2 8 6
2 15 2
1 18
2 14 1
0
0
2 4 22
0
1 5
0
0
2 3 16
2 19 11
2 24 21
0
24
1 5
0
0
2 14 12
0
1 21
2 20 17
1 3
1 3
2 8 9
2 22 6
1 23
2 15 24
1 23
1 2
0
1 16
1 5
2 18 1
1 16
0
1 21
0
1 2
25
1 13
1 13
1 13
1 13
1 13
1 13
1 13
1 13
1 13
1 13
1 13
1 13
0
1 13
1 13
1 13
1 13
1 13
1 13
1 13
1 13
1 13
1 13
1 13
1 13
25
1 25
1 13
1 19
1 8
1 6
1 17
1 11
1 3
1 18
1 22
1 16
1 1
1 5
1 4
1 20
1 2
1 21
1 10
1 23
1 14
0
1 15
1 24
1 7
1 9
25
1 4
1 7
1 9
1 15
1 14
1 11
1 17
1 16
1 25
1 13
1 10
1 8
1 5
1 3
0
1 22
1 1
1 21
1 18
2 19 15
1 24
1 6
1 12
1 23
1 2
25
1 23
0
2 7 15
0
0
0
1 5
1 19
0
0
1 4
2 17 21
2 14 12
2 1 8
1 2
0
1 10
2 16 9
0
0
2 20 6
2 3 25
0
2 22 13
2 11 18
25
1 6
2 7 18
1 5
2 8 10
1 6
0
1 1
1 12
1 6
2 25 15
1 6
1 6
1 23
2 2 4
1 6
2 20 14
1 9
1 24
2 22 3
2 19 21
2 17 13
1 11
1 6
1 6
1 6
24
1 2
1 17
1 18
1 24
1 7
1 12
1 23
1 16
0
1 9
1 21
1 14
1 19
1 9
2 22 13
1 6
1 3
1 11
1 5
1 8
1 10
1 4
1 20
1 1
20
10 16 17 3 2 12 5 6 20 9 19
0
0
10 16 17 3 2 12 5 6 20 9 19
0
0
10 16 17 3 2 12 5 6 20 9 19
10 16 17 3 2 12 5 6 20 9 19
0
10 16 17 3 2 12 5 6 20 9 19
10 16 17 3 2 12 5 6 20 9 19
0
10 16 17 3 2 12 5 6 20 9 19
10 16 17 3 2 12 5 6 20 9 19
10 16 17 3 2 12 5 6 20 9 19
0
0
10 16 17 3 2 12 5 6 20 9 19
0
0
50
2 7 14
0
2 23 46
2 38 41
1 33
2 30 32
0
0
2 39 15
2 13 20
0
2 34 26
0
2 11 3
2 31 44
0
2 47 12
0
2 50 10
2 18 17
0
0
0
2 2 36
2 21 43
2 28 1
0
0
0
0
0
2 16 25
0
0
2 37 4
2 27 40
0
0
0
2 49 6
2 48 5
2 8 9
2 29 35
2 45 24
0
2 22 42
0
0
0
0
50
2 25 15
2 6 38
2 16 39
0
2 43 47
0
0
0
0
0
0
0
0
2 22 40
2 30 37
0
0
2 17 35
0
0
1 45
0
0
2 13 26
0
2 9 34
2 20 29
2 8 5
2 44 14
0
0
2 48 46
0
2 21 45
2 11 36
2 31 1
2 19 3
2 7 24
2 42 41
2 33 32
2 49 28
0
0
0
1 12
2 10 18
2 23 50
0
0
2 4 2
48
1 18
2 14 5
2 47 21
1 11
1 9
1 30
1 18
0
0
0
0
1 10
1 8
1 9
1 8
1 10
1 31
0
0
1 30
1 26
1 39
0
2 44 43
2 22 37
0
1 31
2 27 17
1 48
0
0
2 7 1
2 38 4
2 16 12
2 40 36
1 23
1 39
1 11
0
1 23
2 6 20
1 48
1 19
1 19
2 15 13
2 29 42
1 26
0
50
1 2
0
1 2
1 2
1 2
1 2
1 2
1 2
1 2
1 2
1 2
1 2
1 2
1 2
1 2
1 2
1 2
1 2
1 2
1 2
1 2
1 2
1 2
1 2
1 2
1 2
1 2
1 2
1 2
1 2
1 2
1 2
1 2
1 2
1 2
1 2
1 2
1 2
1 2
1 2
1 2
1 2
1 2
1 2
1 2
1 2
1 2
1 2
1 2
1 2
50
1 14
1 25
1 23
1 10
1 26
1 35
1 38
1 37
1 22
1 11
1 24
1 41
1 39
1 7
1 4
1 33
1 12
1 15
1 17
1 27
1 34
1 6
1 8
1 36
1 42
0
1 44
1 40
1 50
1 45
1 16
1 9
1 48
1 1
1 30
1 13
1 49
1 32
1 5
1 43
1 21
1 3
1 47
1 18
1 29
1 2
1 20
1 28
1 31
1 46
50
1 40
1 18
1 36
1 2
1 1
1 21
1 31
1 27
1 30
1 39
1 3
1 22
1 17
1 5
1 26
1 45
1 41
1 15
1 8
1 34
1 48
1 11
2 37 30
1 47
1 10
1 16
1 24
1 20
1 19
0
1 12
1 14
1 25
1 42
1 33
1 49
1 28
1 29
1 43
1 4
1 35
1 50
1 46
1 38
1 7
1 6
1 13
1 32
1 9
1 44
50
1 4
0
0
0
2 48 37
0
1 8
0
0
1 29
1 30
2 22 3
2 11 1
2 15 5
2 33 16
2 42 28
2 50 23
1 6
0
2 40 32
0
0
2 46 9
1 2
0
0
0
2 10 45
0
0
1 19
1 25
2 20 13
0
1 21
1 44
2 47 38
2 24 12
0
1 26
1 27
2 35 18
0
0
2 43 39
0
2 31 41
2 49 17
2 7 36
1 34
50
1 35
1 19
2 45 9
1 7
2 37 34
2 39 20
1 26
1 42
2 40 29
2 5 33
1 26
1 26
1 26
2 28 4
1 30
1 25
1 26
2 14 32
1 26
1 26
2 15 1
1 48
1 26
1 49
1 26
0
1 26
1 31
2 21 41
1 26
1 26
2 38 24
2 47 6
1 17
1 26
2 22 8
1 43
1 12
1 26
2 44 36
2 16 46
1 26
1 26
2 50 2
2 18 10
2 23 13
1 11
1 26
1 26
1 27
50
1 21
1 41
1 5
1 23
0
1 15
1 5
1 30
2 22 1
1 18
1 12
1 28
1 47
1 19
1 39
1 14
1 16
1 6
1 11
1 32
1 35
1 38
1 33
1 37
1 48
1 7
1 36
1 10
1 44
1 24
1 3
1 31
1 13
1 49
1 42
1 25
1 20
1 4
1 29
1 50
1 26
1 34
1 27
1 2
1 43
1 45
1 46
1 40
1 17
1 8
50
10 19 22 42 4 47 34 14 39 13 28
10 18 32 23 16 21 5 41 30 11 17
10 25 33 45 27 36 1 46 20 8 43
0
10 12 7 37 29 3 24 6 26 50 49
10 25 33 45 27 36 1 46 20 8 43
10 25 33 45 27 36 1 46 20 8 43
10 19 22 42 4 47 34 14 39 13 28
10 18 32 23 16 21 5 41 30 11 17
10 18 32 23 16 21 5 41 30 11 17
10 12 7 37 29 3 24 6 26 50 49
10 25 33 45 27 36 1 46 20 8 43
0
0
10 18 32 23 16 21 5 41 30 11 17
10 12 7 37 29 3 24 6 26 50 49
10 12 7 37 29 3 24 6 26 50 49
10 12 7 37 29 3 24 6 26 50 49
0
10 19 22 42 4 47 34 14 39 13 28
10 12 7 37 29 3 24 6 26 50 49
0
10 12 7 37 29 3 24 6 26 50 49
10 25 33 45 27 36 1 46 20 8 43
10 19 22 42 4 47 34 14 39 13 28
10 25 33 45 27 36 1 46 20 8 43
10 19 22 42 4 47 34 14 39 13 28
0
10 25 33 45 27 36 1 46 20 8 43
10 12 7 37 29 3 24 6 26 50 49
10 18 32 23 16 21 5 41 30 11 17
10 12 7 37 29 3 24 6 26 50 49
10 19 22 42 4 47 34 14 39 13 28
0
10 18 32 23 16 21 5 41 30 11 17
10 19 22 42 4 47 34 14 39 13 28
10 25 33 45 27 36 1 46 20 8 43
10 18 32 23 16 21 5 41 30 11 17
0
10 18 32 23 16 21 5 41 30 11 17
10 12 7 37 29 3 24 6 26 50 49
0
10 19 22 42 4 47 34 14 39 13 28
10 18 32 23 16 21 5 41 30 11 17
10 19 22 42 4 47 34 14 39 13 28
10 19 22 42 4 47 34 14 39 13 28
0
10 18 32 23 16 21 5 41 30 11 17
10 25 33 45 27 36 1 46 20 8 43
10 25 33 45 27 36 1 46 20 8 43
5
1 3
2 4 5
1 5
0
0
5
0
0
2 5 2
0
2 1 2
5
2 4 2
0
0
1 2
1 4
5
1 3
1 5
0
2 5 2
0
5
2 2 3
0
2 5 2
0
0
46
0
2 26 33
3 44 32 17
0
0
0
0
0
0
2 29 26
4 18 10 24 12
1 1
0
1 41
0
0
1 1
1 8
1 37
2 40 32
0
2 43 8
3 36 19 6
1 29
0
0
2 5 20
0
0
3 9 40 5
2 3 34
2 4 36
0
1 43
1 21
2 40 44
2 1 21
1 33
1 34
1 10
2 42 43
0
0
0
2 12 6
0
44
1 40
0
0
2 5 37
2 14 6
4 38 20 31 17
1 21
0
1 21
1 31
1 14
3 1 36 11
2 37 27
4 21 15 36 22
1 37
0
0
2 21 34
1 9
0
0
0
0
0
1 17
0
2 43 8
0
1 8
2 2 36
1 27
1 8
0
2 13 10
1 22
0
1 39
0
0
0
3 21 2 28
0
1 37
2 2 19
41
2 2 7
1 4
0
0
1 18
0
0
0
0
0
2 37 2
0
1 28
0
0
1 18
2 36 35
1 13
3 20 18 14
0
1 13
0
4 6 31 2 26
1 10
0
1 36
3 39 34 4
0
3 13 12 6
1 35
2 14 10
1 25
2 21 36
1 36
0
1 12
1 25
2 4 31
2 37 9
0
1 6
49
2 2 45
0
1 10
3 40 23 8
0
1 19
1 3
1 18
0
0
1 8
2 5 18
0
0
1 48
1 13
1 13
0
1 29
0
0
0
2 40 7
2 40 20
1 20
0
0
4 27 45 2 13
1 8
1 20
2 26 47
0
1 2
1 26
0
2 12 10
2 33 9
1 10
0
0
3 23 1 11
3 21 35 45
1 31
2 38 9
1 16
2 23 1
0
0
1 33
49
1 5
3 30 32 9
0
7 43 26 8 7 28 18 32
1 16
1 18
0
0
0
1 33
1 8
1 37
0
0
0
0
1 10
2 8 25
4 48 28 2 43
0
1 33
0
0
0
1 14
1 1
0
0
0
0
1 9
1 26
0
1 33
1 13
3 22 45 8
1 13
2 48 23
2 23 40
1 24
1 4
1 45
3 29 16 15
0
1 15
0
3 14 26 32
0
1 8
43
0
1 32
4 6 38 27 41
0
1 16
4 10 29 17 28
1 42
3 17 7 21
1 4
0
0
1 16
0
0
0
0
0
2 41 32
1 14
4 9 17 16 27
0
2 18 34
1 25
2 16 30
1 16
2 34 14
0
0
2 2 34
0
2 26 17
0
2 41 29
0
0
0
0
3 14 42 34
0
2 10 35
0
0
1 32
45
0
0
2 19 37
0
1 14
1 40
0
1 42
2 36 43
2 14 43
0
3 4 8 33
1 18
0
1 14
1 21
0
0
1 7
0
0
3 34 17 31
1 19
1 31
2 12 27
0
0
2 14 2
0
1 26
2 7 2
0
4 18 39 43 28
2 23 30
1 19
2 44 24
2 7 31
1 19
1 16
1 17
0
0
0
3 37 17 23
0
48
0
0
1 22
0
2 10 15
0
1 20
2 28 12
0
0
0
0
0
0
0
0
1 5
0
3 22 29 20
3 3 44 5
2 16 44
0
0
1 20
2 35 47
1 31
0
0
0
1 10
0
1 4
0
0
0
0
1 46
1 3
0
1 31
2 6 9
0
1 4
0
1 39
2 19 3
1 31
1 3
44
0
1 42
0
2 21 32
0
0
0
2 22 42
0
0
3 44 38 18
1 1
0
0
2 21 2
0
0
1 44
0
2 14 21
0
0
0
0
2 27 23
0
0
2 37 36
2 27 26
0
1 1
0
2 40 7
0
0
2 30 6
1 22
0
0
2 42 9
1 7
0
0
0
46
0
1 27
1 26
0
0
0
1 44
2 35 31
1 30
0
0
1 19
0
2 9 39
1 22
0
1 43
0
0
0
2 35 18
1 29
0
3 21 19 14
2 18 41
1 29
2 18 11
0
0
0
1 35
0
1 42
0
0
1 6
0
1 35
0
0
1 35
1 35
2 30 23
0
0
0
48
1 7
1 23
0
0
2 28 30
0
0
0
1 17
3 25 35 7
0
0
2 44 43
0
2 39 33
1 35
0
0
1 8
1 9
0
2 37 43
2 16 10
1 9
0
0
1 8
0
3 22 33 9
0
0
1 15
0
0
0
2 10 7
1 4
0
0
1 27
2 5 39
0
0
0
0
1 5
0
0
47
1 10
0
0
0
1 33
0
2 8 25
0
1 23
0
3 16 9 25
1 4
0
0
1 30
1 2
0
0
0
1 46
0
2 23 13
2 25 40
0
1 10
0
2 29 15
0
0
0
0
1 38
0
0
1 3
1 40
2 26 25
2 13 36
0
0
0
0
2 3 4
0
1 27
1 8
1 4
46
3 11 46 8
0
0
0
2 42 3
0
0
3 36 7 13
0
1 41
0
0
0
1 19
1 36
1 7
1 40
0
2 36 40
0
0
0
4 41 15 37 43
0
0
0
0
0
1 10
1 6
0
0
1 27
1 6
2 21 8
0
1 2
1 21
0
0
0
0
0
1 4
1 7
1 13
50
0
1 9
1 47
1 15
0
0
0
0
0
0
0
0
0
2 6 9
0
1 9
0
0
0
1 11
1 50
1 50
2 17 7
1 8
0
1 44
0
0
0
1 39
2 40 11
3 18 8 2
2 8 24
2 18 37
0
0
1 29
0
0
0
0
1 13
0
1 35
1 43
1 50
2 20 43
2 46 1
0
1 11
50
1 29
0
0
0
0
0
0
2 23 40
0
0
0
0
3 4 8 49
2 6 33
1 44
2 32 20
0
0
0
1 18
0
0
0
0
1 19
0
3 20 37 39
2 47 39
1 47
0
1 44
0
1 4
2 26 10
0
1 9
0
0
0
1 4
2 30 46
0
1 48
1 12
0
1 44
0
0
1 39
2 39 12
46
1 2
0
1 18
0
2 21 6
1 19
3 27 41 34
3 42 2 21
2 30 44
4 12 30 9 22
4 28 33 42 37
0
0
0
0
0
1 41
0
0
0
0
0
0
0
2 32 24
0
0
0
0
0
0
0
0
0
1 41
0
0
1 44
0
1 33
0
0
1 40
0
1 2
1 42
49
2 12 48
1 14
0
0
1 8
2 48 4
3 29 1 10
3 3 12 41
1 19
0
0
1 32
0
0
0
3 45 14 3
0
0
0
0
0
1 4
1 11
0
0
1 40
0
1 24
0
2 47 25
0
0
0
0
1 37
0
0
0
0
0
0
3 34 23 32
2 19 9
0
0
0
1 24
1 46
1 22
40
1 8
1 25
0
0
0
0
0
1 17
1 30
1 19
0
1 15
0
1 34
1 17
0
0
1 20
0
4 3 39 25 40
1 29
2 2 12
1 17
0
1 17
0
0
3 30 39 16
0
0
0
1 38
2 15 23
0
1 34
0
1 30
0
0
0
47
0
0
0
0
0
0
1 43
0
0
1 47
0
0
1 9
0
0
0
0
0
1 2
0
0
0
0
0
0
0
1 25
1 35
0
0
0
0
0
0
0
1 34
2 34 29
0
1 22
2 13 23
1 13
0
0
0
1 4
1 17
0
47
1 19
1 9
1 8
0
1 8
0
0
0
0
0
0
0
0
1 36
0
0
0
0
0
0
0
0
0
1 9
1 26
1 45
0
2 36 34
0
0
1 47
0
0
0
1 9
0
0
2 41 20
0
0
0
0
1 27
0
0
0
0
40
2 21 40
0
2 19 31
0
0
0
0
0
0
0
0
0
1 18
1 40
0
0
1 38
0
0
0
0
0
0
0
0
0
0
1 25
1 16
0
0
2 11 23
1 27
0
0
1 34
0
0
0
0
45
0
0
0
1 16
0
3 21 39 5
0
0
0
1 29
0
0
0
1 38
1 38
0
0
0
0
0
0
0
1 26
1 13
0
1 11
1 22
1 14
0
0
1 18
0
0
0
0
0
0
0
0
1 16
0
1 33
0
0
0
49
0
1 24
0
0
0
0
0
1 13
2 32 44
1 13
0
1 13
0
0
0
0
0
0
0
1 38
0
0
0
1 48
0
0
0
0
1 26
1 27
0
0
1 49
0
0
2 28 10
1 33
0
0
0
1 14
0
0
0
1 48
0
0
0
0
42
0
1 19
0
0
0
0
0
0
0
1 4
0
0
1 24
1 29
0
0
0
1 28
0
2 33 14
0
0
0
0
0
1 12
0
1 24
0
0
0
0
0
1 5
1 10
0
1 19
0
0
1 29
0
1 11
50
1 50
0
0
0
2 42 50
0
0
0
1 23
0
0
1 27
1 29
0
0
0
1 50
0
0
0
1 17
1 20
0
1 15
0
0
0
0
0
0
0
0
0
1 31
1 45
0
0
0
0
0
0
0
0
1 18
0
2 23 30
0
1 39
0
0
