100
3 3
10 1 20 2 25 3
10 2 30 3 20 1
3 5
10 1 6 2 10 1
5 1 3 2 10 1 3 2 5 1
3 5
10 1 6 2 10 1
5 1 6 2 10 1 6 2 5 1
1 1
5000000 10
5000000 100
3 5
10000000000000000 1 6000000000000000 2 10000000000000000 1
5000000000000000 1 3000000000000000 2 10000000000000000 1 3000000000000000 2 5000000000000000 1
3 5
10000000000000000 1 6000000000000000 2 10000000000000000 1
5000000000000000 1 6000000000000000 2 10000000000000000 1 6000000000000000 2 5000000000000000 1
3 64
3243781751161602 42 3282924801534048 11 3267644129011993 11
305392176861621 42 204058121683012 42 231939809468747 32 172424283756474 32 61431461060542 42 164472538811527 61 201955486056482 42 1 13 113999029747572 13 182196154945086 32 152074678073200 42 180409751394187 32 171127897830774 32 147746717713499 61 185836158875379 13 107687346038425 61 190049905450768 32 78262334691092 32 221405606425212 13 227071741761125 42 288842822022607 32 148552852151300 32 52283236845486 13 123258721017661 42 258606259832204 32 114637072024031 42 143813822447269 13 170748961698739 32 158706766993857 61 174392427597364 42 200381273414230 61 207432497035709 13 249189983365768 32 183596254884428 32 42383044021388 61 169509982460202 11 177317807624857 13 175058108313820 13 62822574153575 61 90220264188795 32 297124215624522 61 192958025859612 32 211153183196231 42 203787965821082 32 99991968318153 32 187188840579409 11 244822685853278 42 176764481064319 11 114345188091992 32 238142059186183 32 155038914824417 42 139842919105796 32 129692699249678 11 110164282169053 11 91153589942415 42 230876585627810 61 123466824546863 61 172936275576757 32 118664690657163 42 190804803456337 32 266858180671750 32 106306558466486 42 122233994620249 32 341322925706398 42
3 7
559823797565081 80 587006380623813 94 676183390850958 35
193475394243242 17 291281283229599 60 216631364542789 63 232956903906877 86 284328955371716 8 349278242549187 59 291841153997036 83
3 15
418198593503487 30 414401780385113 80 391104848139403 30
81949882233507 30 72309263858436 30 114977585589575 80 47069467730163 30 13394174999538 30 58691038901053 30 88359912036952 30 112025034600113 30 77233019646754 30 51292270188630 80 85424095982565 30 146675054259374 30 110104684806006 30 72582935694347 30 34097726163306 30
3 40
2665142746972191 44 2676627229362449 97 2820845666382835 19
204005366996074 81 52191848821524 97 277163010162321 44 222329547332780 97 338713051655890 97 143326722210552 19 250415134791180 81 196695340340613 19 208023329337522 81 226614614610387 28 239098803058964 81 208774005149451 97 105095375084405 44 294933906372035 28 194532631918715 97 192102786487339 81 126582256859616 97 178106037063653 28 209783529842467 97 279795271695717 44 113851120073913 44 165579775804919 81 203602179572789 97 120151205866464 81 199853892149936 44 295396470962546 97 134268699925525 81 248299812617764 97 115959002070002 28 266869815567207 81 279113315264006 97 170121444867589 81 264819019091896 44 206103206612748 97 208646673260491 44 258195657735526 81 172254703329489 81 197164714575961 19 199463845342242 19 195806713143258 28
3 18
458392753244433 67 473168651425995 8 442206128193042 19
99517548982421 35 88548670462801 27 87798726390611 68 70532090381982 43 40404728142849 41 78508546647965 80 160069183731725 63 79374051095340 79 79607205618009 48 98000442914665 54 79435091017302 67 95271031307171 39 1 66 60463306146713 33 87523614451132 86 93858184982157 82 23361183719781 75 73175288242785 32
3 62
1111936720682900 50 1004890024664730 62 1018424227630540 50
53398941645709 50 33299421469532 50 58824937813929 62 50921330565785 50 1 50 75815387485473 62 104240966890201 50 1 50 57259876772546 62 1 50 41990073144491 50 78406377279199 62 6356020370000 50 8795134196323 62 45493965183093 50 94994343771159 50 109768191415870 50 1 50 1 50 27718696682970 50 4469992218473 50 89160122038688 50 81072570389947 50 104577143842002 62 104218570944820 50 5235977280981 62 105658190569768 50 17995581687432 62 35362093128784 50 1 50 48584143887993 50 152432184854666 62 8014146714863 50 51743181285034 50 128229294905034 62 45658520105919 62 70575391276921 50 70245024194476 50 68953103532831 50 1 62 74358962368282 50 62108509433710 62 182488774330204 50 1 50 113705604983309 50 116426899637691 50 71896288262368 50 35808481865697 50 14398656672148 50 80236727101994 50 43141049935581 50 74889702984055 50 252125963505 62 75679938972005 50 67742399856027 50 15904208731166 50 31145980039622 50 155927787773665 62 1 50 96304763940534 62 60935980905562 50 25905029498309 62
3 71
4849208016247711 61 4832664945461750 82 4776791842999460 34
168090921189632 82 169542100034863 61 164794210552355 34 195174101237200 82 195001022020245 93 171177546941864 82 195479297861020 61 170840256893460 82 220150439545211 93 233342869067997 34 201136751474350 82 234519517389377 82 201817085403246 61 234803724240298 93 189227243733305 28 196665779146668 28 203896064414654 93 156244433180885 82 195867228804542 82 165528185112788 61 271151754198107 61 215742862562093 82 195329326181906 28 198411071415343 61 190222418491754 61 157178991175222 93 186416009916856 61 170472960889943 82 232215846246373 61 217660974906072 61 233709765194890 34 219034902353326 61 185200407156353 82 185133989281610 28 194313139125702 82 126736910541228 28 223688511250291 93 218659949182781 93 194911021599534 93 176198159569458 82 196670794031068 93 198631340851650 82 202926113714342 61 186183695894246 82 188244010169642 34 214527337972697 28 191392216595562 61 200245746250271 93 242085298782444 34 201520087386818 93 215125186101524 82 193152655211801 28 200981247766623 82 180313618020513 34 182947287371030 93 233327194931899 82 183723940031317 28 229905328573797 61 185058334142558 93 214397993749685 61 228483730074345 61 213425825301155 82 201262895026377 82 209920721655322 61 179901884561874 82 180384212912600 82 203315924640526 82 198448609007855 82 186186080343298 82 164543038959114 82 197741697203850 82
3 69
3303625302293798 26 3326441815314807 43 3320690250144612 38
146754371275961 6 138241729720965 48 141229626631349 38 125861879876117 23 137933133642481 86 125196524675655 72 151182142556830 39 131584285503758 95 121302405799790 17 138509632468696 33 131634405349187 82 129989035216734 32 153973041710359 67 157847763061490 43 118337961025577 20 119945225702485 84 126448604766051 5 113763392103080 4 153209883065858 57 138874828105434 26 127705358370902 88 174617573301532 22 139659526890381 3 135459203614785 78 147930513131299 63 108621463528811 80 170289330012027 35 140927715983207 62 157317782787294 31 142999893153124 22 114304682261656 20 150420667032969 5 145240394235196 35 166016572084263 39 186778573665348 26 160157206658004 57 139189815271027 38 158773120170323 43 161862599822290 86 145189272276849 31 161887829780514 80 158390874686447 48 125077045815130 62 90195738116091 3 178954058410439 32 134784221218771 72 153777301167800 84 145014607582940 88 120517481347256 6 180173298959526 82 132027142565587 67 148955227462736 4 145190391569128 17 148913303754838 78 162513521858403 33 138423025888687 63 174385159761401 95 150571924638794 23 141517680747072 4 141526592816157 32 142414438014642 88 122171020124359 20 168012618472355 78 131684015942091 3 136070145834845 80 144327009136598 38 156830167984441 48 141406852382222 84 155916914042778 86
3 56
2521932656857755 36 2426518317583139 75 2575175866429438 36
119406810315040 75 321669902014206 36 106320694458287 36 265551363618022 75 71636607161939 75 221717354233314 75 123085304312603 36 218008653438864 75 142067900121247 36 43397795763389 75 141695742265129 36 1 75 236216806615746 75 1 36 179614022345390 75 179468906196270 75 1 36 117551826103594 36 20238804519439 75 191724717536134 36 120461589679147 36 21785197898884 75 200226732558055 36 44399213037157 36 155488622994209 36 117081606425592 36 78472300188435 36 221535179347792 36 91373822575716 36 141097600923954 75 127853627027241 75 152666536733583 36 17718903010359 75 83954232524435 75 1 75 136476544456855 75 35001714024350 75 165403386739782 75 159698699626690 75 125351726556744 75 256881478849103 75 229240798664723 75 124839190573365 36 30418849046759 75 300694973065599 36 283546842544398 36 1 36 109030337342679 36 192182273398738 75 37738339782399 36 261882367513031 36 139651190687338 75 193288027356881 36 92746669715101 75 91223737670725 75 180679665760486 36
3 66
805531137530541 93 777037460868416 93 790157067246536 93
41584924227624 14 33991181549389 9 46705494290745 93 41098378433390 32 33437993892158 9 33232768606642 14 39887874119415 48 42240265356433 14 37128551455985 32 30013162435140 9 37237343147128 93 51088523890264 9 30674590241472 32 44601179354089 32 35149040049774 14 34324055687772 32 57692835224741 9 40856661093911 93 28634307478035 9 24638870157109 93 39635157768180 14 21973696757994 32 46507149536733 32 29172679543161 93 38376805840021 93 30169318962944 93 27762471441629 9 38560792682478 93 24079367804631 9 47083541819012 9 37183401186776 32 51262724976279 48 29480638142941 14 25244015804367 48 52758327007392 14 54130915169010 48 38728135417223 9 30281724980665 93 24854104984568 9 11235063197625 48 48208566305043 32 32466017893183 32 40874743526655 32 21771744695986 14 15200437930974 9 34905601576259 93 49155197542776 32 39125491253295 14 30999263004219 32 25797873878279 9 38933163521367 9 32353806123220 32 29783870127153 93 43577049829531 93 42427344707445 93 18714261054343 93 20994591639817 14 41143151762017 32 28329385385364 93 31970980225131 32 40679249309905 9 26582417121915 93 46141333817484 9 46018927778386 93 23850033248149 93 27467445165882 93
3 22
1652005752891845 65 1640028768181858 61 1659708533095912 40
210676184068178 86 226656880791972 67 261198008886879 58 241567741426323 65 247537084110796 40 216778145014350 61 235991926644740 69 221108614845053 26 212439266228086 58 212986480316190 61 230602824494993 86 198295312155679 67 252400528361815 65 240506896691410 40 225327021118642 26 245331178780280 69 205699736816318 40 217195208666809 65 200751515427630 58 204590862310518 86 212708751370953 69 229488456550188 61
3 22
727102343273070 33 721318120843812 66 729478264449411 33
102434330637886 66 131118732682411 66 112042848355921 66 118399851075054 33 113094241780358 66 104829322908306 66 123352995022390 66 92121892096574 66 86060287151803 66 79254171603816 33 87848364533738 66 98155333479111 66 84427069258166 33 99360184693642 66 91933047617775 66 107202967317287 66 95905698374174 66 87085009294251 66 93882050719950 66 68859153446846 33 59535358376047 33 92691918328925 66
3 34
1694125580763262 94 1530778930033632 99 1552531240055362 94
25479139714524 99 117175452523310 94 23422898551526 44 167789275711110 94 143068811676292 90 71678522806147 99 137461067320120 90 177074568483833 99 170308164374496 94 116238154187282 99 164829617847220 94 218924953711649 90 106111452264979 44 138495734586187 94 294773490798319 90 163116664879231 94 152570892500509 99 69868512050121 44 1 90 178444747661781 90 194811274131483 94 158505790233643 94 110655490422909 94 141771560344608 90 120616924819848 94 152907842447302 94 1 99 106773622517353 90 239733346785474 94 97402049764535 90 193089311317079 90 98846488162509 44 66142423591886 94 250001184666365 99
3 80
4778040886039816 53 4781038082778461 64 4878366685672874 69
138180688328855 85 192379913872010 92 151405884652209 8 219022545943218 43 196909815033723 11 223150956844095 93 191719080460006 27 183848555129744 83 114689502744429 22 213314929581133 54 141372799143114 53 170636871098678 51 178695192522040 72 194549468398509 19 199181525628033 9 182247543124558 80 161126088621358 3 167372060760425 70 187933006959522 29 182156642403653 40 176014067389590 44 162736184678441 20 143093623466976 7 270810012598514 25 223005193433448 12 160939733722993 5 230867928562928 69 175822606262848 74 229494467187790 62 180141683937700 35 133115712732233 96 188978823225127 81 228699741500375 86 153160049209993 91 178165887336282 64 168062283281988 36 186183375379187 41 146422095215172 16 205948456599012 45 194242588291864 59 205401811634775 30 200422043406794 55 202337441718701 66 172781162887606 64 136829852117555 74 163587582771868 51 172975652232715 53 235578434578812 27 186491911566892 91 150798705066949 12 184853065321808 25 185318504483954 44 202843017051829 55 180095374445717 69 189886282847329 9 203070645778884 11 262679259855928 66 222221767503104 7 244714862202188 36 192849476937160 19 163834169149131 59 178563639184072 70 127553754418035 80 210379568376512 85 194104272293620 96 219644735569236 43 214973787692180 3 160169145952185 83 157485003716770 81 167266480532408 92 161983452374043 35 128547508694265 93 185196332309695 16 217647409310304 22 199739668501186 72 140884648809548 20 158869891478561 8 204201929815229 41 228697651225424 5 143869474958490 62
3 50
2250323190444365 28 2274482978527672 34 2227811159929702 28
165234394839461 28 133793509807464 28 138054868496656 34 136429604428305 28 131747088894553 28 149365906511904 28 120851304552118 34 132928706259408 34 140574758942202 28 111905629701431 28 156582454148447 28 136049536455273 34 140138868831104 34 125193774959186 28 184909879374097 28 145399645753259 28 152353668531065 34 131881632198238 34 141547093617489 34 145926577223663 28 136845979237644 28 145579655487356 34 156604342216226 28 128818559658616 34 147119694456380 34 175912886550574 34 143626251462633 34 148652212002465 34 132133285352157 28 134668727706824 34 140147797633129 28 146015664890317 28 126351970586007 28 145961516626139 28 111021966510492 34 119840444897082 34 132439978626374 28 165178432205739 34 98919615809114 34 158730267656398 28 138330037405797 28 127157792681861 28 105419881395864 28 115896830408085 34 93767016905858 28 136230639337280 28 105297063168148 28 137978979258450 34 170234422362741 28 121473059109406 28
3 42
2585338472325784 8 2576860845310611 17 2682936787407071 6
346005404678207 6 313533693433618 6 221971248410584 17 80051458389962 6 192093065975621 17 232018767559144 17 76813015126424 65 375924930432389 17 160333730874418 65 335290181992888 17 187885253140552 6 216865640655584 6 272849692732448 6 221150553355744 17 212127359854137 48 229713948049737 6 72661865338397 17 192480873451729 6 184522223494429 17 149773735157400 48 368517074347441 17 104392508608747 17 1 8 236234452687439 17 149567715726917 6 107144344276313 6 87690156809452 6 322419018434610 17 263802560258297 48 161016013088424 8 257163691068841 65 192247148156277 8 278683807429958 17 1 17 276943847620162 17 158493638124575 6 425523936773 48 149235977092143 17 62706396783007 48 192312207376099 6 111082543665438 17 293802585480761 17
3 71
3607723304224104 41 3601336330337714 65 3561543966876299 6
126748771505249 77 102490411584805 59 123491081226728 41 161274398265828 38 185457812423115 94 144633108816264 71 139349110590225 63 184045715550632 98 93122521459764 83 172113047662948 75 130481924313436 53 178177373693602 1 164915059297988 32 140215311033156 52 147051377789792 79 126711788225123 56 179189509397220 20 103020829183489 6 178202371987299 15 141463525408377 5 173271869404293 51 147495084454100 58 132991975436303 11 163813672256976 65 138606338348308 72 120048431715007 71 136992380397559 79 170773497475111 1 137232532328579 11 164651089260493 15 156236102751113 6 155448418382975 94 171235888893444 56 140095378466117 53 173100927715559 77 155453110673693 38 218667866233956 65 108558203918811 98 198931466944588 52 78178245405880 41 217959439675826 75 88267574091566 20 175721322049041 32 158287331075841 63 125636195395666 59 145381365675738 83 138164883359596 51 184697666312619 72 103096702382569 58 163509905291820 5 96612929699775 77 146925946802738 94 120613163650785 59 102286965262213 71 195095862057251 98 193678375202751 58 115755786291687 38 197647604183515 5 126528297585499 51 156577479809793 32 143642301725823 75 169280422111982 15 189017944907688 6 173138157316951 1 159151126632329 11 104892813959740 65 188359710902947 20 198738883825614 56 151976882776041 53 172265378923291 79 102472682283964 72
3 46
2794049093529637 56 2941757035809746 12 2874140088992133 56
109001961705374 56 48363258160222 56 126282609720633 12 101135955824384 56 184735206283392 56 91906251594819 56 226195947309881 56 197055687642633 56 97462399534848 56 237766864514198 56 176622240520074 56 309595443271102 56 140400947784787 56 96435745571474 56 164044534993449 56 211187030756384 56 172701436225883 56 184913269413109 56 242410458455877 56 58916636691992 56 245157550447249 56 197168149629034 56 95498227195047 56 162028064717679 56 290264168124593 56 174044258778360 56 225863873577960 56 201279571875536 56 179268821370555 56 165011728891178 56 146856157240541 56 210787357333272 56 179720567266302 56 196613493068406 56 280174465749484 12 128248850731024 56 237851806334463 56 48387086831983 56 228815750306871 56 228458661434701 56 49847184636245 56 259917494225604 56 222528336748717 56 143577562005675 56 369370687895262 56 217512783904567 56
3 11
426325839632477 6 389433967036347 13 248683095835288 1
51457167725728 1 90011438564270 13 41046398552226 71 112454746450273 1 1 13 7160261585118 13 210517172442798 37 193143169428699 13 116564681927691 37 194992628676511 71 189843681477366 13
3 12
731151958817095 61 767928170747435 20 801962766048029 91
202232597499540 96 153752199083154 97 223494740040229 37 243696245503010 93 210041249564999 30 146836413540417 36 156226304660134 43 231062544135850 22 198709450894454 60 155662602743704 12 230701209320683 77 248306146910749 47
3 5
322270499555802 28 427920654149169 19 425353765745694 28
290462202385075 19 152419567866071 28 248423609417904 28 174862517752184 28 316366861337445 28
3 63
2119540060386904 6 2069029337571555 6 2159884771101741 48
129638511249889 22 84465820980337 48 60701827627049 80 53435713219703 6 31994237667023 48 152371152176683 73 106320399466834 48 59262420299923 6 172476690634584 6 1 6 182227822150706 73 161096608806646 6 161055020138139 6 128230436462430 6 88986753390015 73 189099812605012 48 92012407540265 80 288997442610040 6 4208002902860 48 108937756845613 6 103790772993565 6 64106229460830 22 56674285125343 48 89850826852154 6 119261701063030 48 210580130564174 48 77664516009190 6 24179497525788 6 54419825544421 22 130834725380596 6 108954199321399 48 188550123600619 22 63028125721880 6 31989901286016 22 236999048358679 6 232022150148813 22 100733785257551 73 62133469058007 22 120242791339784 73 76128261859323 48 153355719930791 6 73279603615954 6 128636790268488 22 158845133154337 48 127624889391777 22 97348939467600 48 179552427202639 22 41255644663875 6 103553952488681 22 1 6 1 6 152817195009463 73 261666573189346 6 44660243579232 6 91905033515307 6 67938548819669 73 49290019572809 6 151719488119025 6 211863400125647 73 2479635626743 48 150259719577733 73 84198785118387 6 129964718545816 6
3 33
2690182785789327 84 2760579458244669 35 2718912875993940 44
323739316667345 26 279399412533011 71 385393062503058 69 298470369603639 43 209157056552539 14 274625155143304 44 245098972260861 75 292128986027446 7 271916032145797 55 113131390743532 37 140577482638737 98 216831579270749 23 175850416952804 48 325952612411908 76 355490348948307 35 190310113874381 19 225121273997248 66 318263538619297 67 348256776020730 24 282172934593837 45 187747182505501 39 317615488988760 91 233379944525557 6 185232869891557 64 260160846846929 88 340940707226334 22 219054861572279 58 171272214058198 18 43790095808419 62 387202424233582 50 262423660521166 79 197092010945846 59 173203051956352 77
3 37
868361713970786 12 846457634621097 6 843450285350096 12
74502055464330 12 72959407626006 6 55731866417953 6 82216088997650 12 82550358806197 6 75367365256458 12 56208802606744 6 64309029885678 12 73666637746628 12 96013297469926 12 83613154074962 6 77297973067352 6 64190455363605 6 81727395789220 6 93942063597384 6 91541054427434 12 41395549893612 6 63649169839893 12 88597975746712 6 76409681970152 6 74807156294843 6 59110898728473 12 84820276140964 6 84840470363878 6 61352416650795 12 83519662173543 12 71647550341589 6 77021373994389 6 96866764791534 12 98254971215696 12 83591857516403 6 102147495694140 12 75210040204736 12 37780547869751 6 53065764804772 6 59731669507985 12 86317503577171 12
3 55
1879372070800128 53 1885275318384148 53 1896668338511879 53
103214242689718 53 94377366118450 53 98119736485993 53 101692693861429 53 110827312632585 53 98838768451363 74 104135922794446 33 100957021271343 53 105553446603354 53 95990578531130 33 110103955724115 33 106279640879720 33 97286354920295 74 104702817119786 74 109038813480858 33 106495851042155 47 105845248699380 53 108341724127234 33 101882336813302 53 96964906936040 47 110978646956688 5 90148380683170 53 97900369603402 53 110330240448722 53 101405851817283 47 100134474427968 33 103672905678532 47 104661142018773 53 105394484883480 53 103044248144511 53 100984368244150 47 95630933967627 74 101098220750228 47 98448221880935 33 116317391199934 74 98880527352663 74 97123365698894 53 92095678353653 53 110451336514035 33 109574222583480 74 91921920018794 53 114610314910308 33 106304893373732 53 102120839092070 47 96218125570666 53 109468850112429 53 93200659053399 74 96212196790383 53 89314315010943 33 111031898542282 53 96215301767478 33 101999576162784 53 100540857174962 53 95340680377769 33 95512127989478 33
3 29
1227671766707052 10 1236637623023322 70 1245776836136746 56
111128388742737 89 98279289284383 18 104898832170973 30 85256633796655 31 134130628529976 9 115573883161724 11 125161733883849 43 149939989844363 58 124920202202276 84 127889658108685 39 132062296726566 95 138858158042178 68 101678929839479 13 97241409609227 69 92625916513585 56 109039482130314 72 134914421392195 70 154167791978713 48 130531359707673 51 152450052227571 45 76545670020266 99 134113529720081 4 115735193942648 10 151968700205411 27 106726202793874 52 135725459850888 74 113588469564942 98 132124959546203 63 88687219087407 26
3 10
308524464435859 48 377232999502088 98 328392125513946 48
163691662625650 48 137842691432617 48 231851686794860 48 211661848607123 48 112080987163976 48 91564248567941 48 54058994151583 98 107800577298274 48 84878405506339 48 73106228754874 48
3 81
7591712105181823 41 7578177796741539 37 7621233208371492 21
281951907151745 3 285752581708622 41 316664217492499 41 252208261937118 21 281385398315118 41 312818870924287 37 289897338602319 21 272201080171842 41 261290108968824 37 284187053782828 3 308936713540569 41 278214738197875 21 236106822831557 37 285812413976736 37 300715254641267 3 295977440623896 41 308096760844740 41 255601073125363 41 285984797331070 41 270867553542903 3 286245657399232 41 289986598851194 41 279541353890461 21 272209967416636 41 275268471322529 37 276637556340765 37 289730210070912 36 299325826273739 36 259558777141724 3 290158436216125 3 292057579470249 41 258997121454345 3 238771709912773 3 305869783947302 3 298903541524622 37 270239003660597 37 277007652764142 37 271609179216722 37 301894004780929 37 298254797407233 3 280856947364860 37 279162287002415 41 251905696002750 37 273248485564719 41 285215706077910 41 326535803213728 41 275835328739186 36 268543204216042 41 268676194084799 3 294343421882261 36 271417372256292 41 289326763697834 36 287356519973913 41 302407286149127 41 306210577846266 3 286574195065418 41 264884041305581 21 297966514997584 41 271079937406452 41 282144254920786 3 288876228393510 41 274816513762458 37 256142517976721 3 269836151636264 3 253512685109582 3 254506387610443 41 293031131845580 41 302841230819182 21 274873477728909 37 287901096161734 21 289204602265663 41 306673202495053 37 297431870722366 21 282528726287566 3 276747764743563 41 300236049768789 41 263573109016475 37 258083160652800 41 293139528505140 41 287984170689340 41 298480883082060 41
3 27
110136798897820 54 206378238751380 89 283421925010001 82
59277451056360 28 1 93 92169253117167 5 11834566675673 26 28238986950179 79 80179563519146 6 1 22 1 30 85858913452035 80 1 27 1 95 3319281344969 66 1 2 1 68 47077279291314 77 30534034471476 16 1 92 26086976030344 19 49412269389871 94 2655579627378 7 33552523934291 38 1 10 1 98 1 82 3286593263283 100 1 89 128838129938285 18
3 93
9031706906493986 68 9085858715584894 92 9097893772315568 68
203548721964073 68 334350727212776 68 299509617724548 92 344906867089690 92 280275443117327 92 282849736088361 68 272956586738134 68 279765515128999 68 233279776004423 68 276843192340801 68 251500398571205 92 290461998881910 92 316227017669255 68 170978283567920 92 311315162383677 92 160422559212443 92 348216781298997 92 295346779785229 68 301626254210665 68 226851342171144 68 362726671954645 92 358804123915451 92 396336753492315 92 327407772878682 68 316463754292618 92 282753240579332 68 319684763978662 68 374606949031522 92 353788436122511 92 276795450961471 92 346105284533557 92 351596093995183 92 313508837259800 92 294971054853885 68 285581389266915 68 358885552933538 68 376453281124394 92 295920289878895 68 240027740518845 68 298533250103278 92 397458065937271 92 396800143300099 68 294526780490201 92 277802961596568 92 179926433390784 92 226952156447300 68 259110782305077 68 348443191097682 68 251036922512095 92 351766022758508 68 270735256437461 68 336731191655471 92 311294997793797 68 291802543337520 68 366243494723641 68 335186080043085 92 310163131242435 92 293098819083537 92 332856340845437 68 227653798542776 92 213736268634553 68 272642184487051 68 282555360427152 92 411103408890297 68 292979294806784 68 293857764195616 92 363608573550124 68 339020207547074 92 244809777658913 92 356964679390863 92 418409178269129 68 396726872446367 92 282946710020100 68 268441769491566 92 390990771122540 68 141155936903500 68 272670797665541 92 258229509408010 68 235772221408039 92 310071919276005 92 219859392055614 92 303337152182914 92 302984163685614 68 266902423279682 92 172508807164498 68 390383475931815 92 296223652338777 92 290387529692815 68 322363808221520 92 371887658741303 68 312480801741728 68 244044423937241 68 292070227916320 68
3 91
1564987200618619 2 1532430510207834 2 1572820547847202 2
81308581414302 75 24317968078970 2 15252735702476 69 22399220751983 2 12031996773665 49 55455496638613 69 59679643784372 75 61911919254364 5 31899886810964 49 55602375772370 5 41339268057687 75 30809210506300 75 70877414014687 49 1039474159697 5 19459496120794 5 32194287820874 5 46567482729815 2 56671318035805 5 62577981915831 75 47893406227030 75 75626192203317 2 68617244791426 5 7181894931498 69 48452665354664 49 63921736562274 2 35870279228688 2 34409444274283 49 48654608162021 75 36449957660328 49 35689993829914 2 75636965809267 75 74927822220950 75 63979426574726 2 65652367190670 75 19721682193401 75 39553665454420 2 54992157620239 69 71375717979817 75 40716934444672 5 39212581551390 75 66584172509651 5 78838651790344 2 72065114371140 69 24933753134862 2 45248268971163 69 42383497661840 2 45690679914520 5 41185212667964 2 36926971440684 5 42807892582981 75 66296791960797 69 17772617712170 49 67154320724000 2 33504347878323 5 65505015844490 5 51191777293447 5 31178426699109 5 73392195062067 5 61273162471259 5 16283216338723 2 28575381261787 75 74207597377381 75 16239354719606 5 89282757492911 5 10608004035342 5 52469726017462 75 57263772724190 69 63290723416366 2 39529067335828 2 110434507062437 5 118900486368495 2 35155255384916 75 69183186067913 49 40942707612941 75 47140595792540 49 42803097263480 75 43148080947625 5 33552920332503 2 35895326738936 5 60324159351330 2 83662631878260 2 21481908965460 2 52030326266417 5 61526861960732 5 79036206428877 75 65024270004310 69 34723767588506 5 78290651480480 75 64777857639462 5 61820868796100 49 21958537404748 69
3 68
5342287960699705 25 5326178171330353 42 5336059326914611 50
236337668421642 41 240754212788675 11 231804223946447 63 230470336054791 46 229573886250495 12 232365088019946 8 246990159195965 25 251347868002486 50 225984904031220 42 243504471820439 8 227912040341386 41 238158049444576 42 224429590357424 12 231430890176090 11 225143874526240 63 229825867306617 50 230059394297391 46 242688744110935 25 240623736562870 63 240832125192821 8 243767823480476 46 223359028245868 11 206770985593243 25 231742020013074 12 232411906771829 50 248319098340049 42 245393794196435 41 228265881387607 50 231824065209962 41 216828781214593 12 248430273292693 25 249905973739454 46 222924779240202 11 239379992138223 42 240077363422797 63 245903377107102 8 233711783425730 8 227705541179531 41 232261027723166 50 248660646212981 63 255096016037189 11 228098536613089 42 235320071556783 25 254970092553466 12 230872465943221 46 238634903613330 8 232290815093374 11 247957933970028 50 234260687769787 42 235866032202581 63 229892124059858 46 239461405768708 12 228801575486146 41 221122671053059 25 241114374103477 25 217059341796627 12 236202426230431 46 241902175267815 41 240959249782556 50 227179992801131 42 233119369803902 63 242893497948076 8 241612374784154 11 234954755224874 8 229285699518470 41 255036405511811 50 246045059571688 63 233869215281597 25
3 4
95596871656383 95 23862834908695 98 1 95
21739261042071 98 23931792544123 98 15670950292554 95 7910255617163 98
3 79
3754520681652601 93 3759298687122081 85 3751632254406684 43
135348893738019 43 142660294982841 13 154691889161599 43 139411726904054 13 138653112262601 43 144895891046645 85 153533699750983 43 149645678225783 93 149407946434378 13 133895443633997 13 140471430720392 93 132454309448324 43 137266290764910 13 150253731745485 13 146622525400657 39 135580036109910 43 139253904448339 39 139045331266015 13 146565574888280 39 143959724344414 39 137854470441151 39 145441352303810 43 134613038550514 43 142918822607749 39 137672336432551 93 151152245901764 43 143987663878465 43 138819255013787 93 138475001110142 43 154995720471312 43 137856302397267 43 144395419286791 13 132880044983441 13 151397185265445 85 133341216278939 39 140984759435803 43 150230831714961 93 133853474340316 43 136756510410592 43 143016157191304 43 138382827331723 13 142404180224331 43 143691402189193 13 147446955051744 13 138325272978203 39 136592781904894 43 138639100932883 43 138669788644594 43 135901594271754 39 139176375257092 93 148668070871560 13 138384958186969 93 142236190235574 39 140352995975694 43 149650887654412 43 151492925382958 43 142716606997709 39 140831776527253 43 137629119292673 39 139952607980294 43 153460268784745 43 140743580289375 13 148585820465705 43 145319425961857 13 157453149254378 39 139717794539698 13 138032631514959 39 146877698289371 13 147428802603775 43 133101951161982 93 145724464863713 13 141460576317793 13 135401206163697 43 138577985247064 39 139823339922806 43 142343027471466 13 140029638439537 13 135788091836917 13 157468265685124 43
3 88
2017052898387986 83 2018491726854931 17 2017912673889469 89
66692768249506 85 67907378948936 65 71966168054512 75 57866011960160 8 82870434879219 46 79551465303612 93 68447083370078 79 77176843006561 43 65574305760070 61 80452503086857 59 67192616761465 10 70308490943545 22 69121842331729 94 65036601596712 7 83537895043540 80 65317689408960 1 68759799362285 27 69135600858795 72 71248864882588 24 66553938915579 90 63417768310039 15 63578307949276 86 61878141446801 76 69944124164234 4 64285993490229 28 79457247603358 2 74444235171759 35 65826693470190 13 68385977812328 50 72413258947227 87 71719144670450 26 55689768357798 33 73568508943766 71 83988951433344 63 62097121115131 14 70241508946951 42 59481828285708 21 71958782442539 68 73925739322846 58 66830098920817 81 75407752502964 44 74656218566094 67 77472621076230 92 71920823622669 51 60903049344558 62 57513124424235 56 75866615394385 47 71271560669880 64 55806275312670 5 61028446982071 82 71444727436225 3 44191750767220 6 61574649227496 55 62959460843841 17 70205876875091 89 61715508822490 9 62760873669594 31 84354655805859 23 56863387231437 48 74368311562905 16 78319552126615 53 75129073239313 29 61391001098464 88 60106584669327 83 69554698417135 66 53492460254548 39 64464831921316 54 75183211892822 99 77830972623727 73 58780335944944 19 71719783047011 11 81210794609466 100 75634938505495 52 69080762509400 97 66413580576271 77 77237117398768 98 78570421529221 60 68505472932664 95 66971353584091 12 69122658203788 57 64114519668975 25 72201961578829 96 65698467416299 78 69858674931807 69 63140624050249 53 65577568137087 14 65328123202967 88 69624183136980 9
3 58
3499134297875985 84 3640472469320036 52 3419811857245101 84
102411776628132 52 71332636108737 52 136485885084646 52 330117355924786 84 142872299803511 52 22449344726262 52 164241524543080 52 76459780652243 52 1 52 110975392338939 52 206975779536368 84 287895455088135 52 1 52 131067213076411 52 201107939756302 52 333729116950690 52 84051745241838 52 214786322573013 52 249932306109969 52 102414884523435 84 244376516706310 84 161543658135539 52 92099455495871 52 84012587386921 52 221470791245882 84 149629462818448 52 222645070591289 52 194845234953401 84 162578914635209 52 133831103180408 84 232935130017774 52 215317113984274 52 199258525873108 52 324072332792270 52 108747261268138 52 116860593926300 52 60605679641536 84 28575513959479 84 53017521521035 52 259993577509326 52 152415209088587 52 155981903353736 52 100544781306368 52 202940094470907 84 212903096549119 84 114367354941136 52 284358761568547 84 119397304643545 52 109462340219170 52 66516154676370 52 247611070943509 52 242672698547297 52 145449214311418 52 26266549883367 52 200203710001080 84 1 52 130457928968666 52 345411690460491 84
3 65
3019440670484517 21 2956848877450030 3 2918298629003352 80
165971350525547 3 144961672271473 3 190434868926939 100 117929314680145 100 131956369244566 80 151862428294754 21 120611210396209 100 161237480178476 48 98437862977253 21 124404938897566 3 212156961588130 3 103374595463690 100 184319306016258 3 142130333719100 21 151609649976277 80 188428974854655 3 142218878558211 48 155056002935721 3 75868961523265 3 131530365538033 21 88197240193967 3 94987484334985 3 223039401698302 21 131593430675108 80 86676983983203 48 83434113324881 100 110363038708802 21 161789208245625 3 210549550900357 21 225189749282842 100 189530520606870 100 122110427107560 80 134605700093427 100 167552813439311 3 150294761075607 21 109960915155665 100 221024156937412 21 215001069099073 100 93067783826659 3 53455589559034 100 154348855339281 21 154590184479181 3 216534471878854 80 106060520416343 80 34145562178700 100 124999981768629 3 124452118574584 100 168708665676877 100 114147218530594 100 117205097656972 100 179620135364500 3 120106387491259 100 79831971701042 21 158271011958276 100 193777127186490 21 99111571075421 48 156289698972858 3 149464208038117 100 171183439128024 21 135599732240069 80 107816954386920 3 73624406758049 21 109383297611915 3 221553926812495 100 142034533323446 3
3 26
1433633414948451 10 1429958375266081 14 1415404300692830 99
142819391987239 99 186958252169664 10 147431725194995 14 186935810881167 14 181511435687693 10 152391436018101 99 163061535972341 14 197050136399477 10 190974288333085 99 159069153916129 99 210590083142979 14 203422393342103 10 140368807296486 14 192653839757191 10 149805630554222 99 150585532061671 14 175553696502026 99 140472013029629 10 175048512902567 99 188458081004499 10 152834852875327 14 129022257191715 99 143339488531547 10 152353890522607 14 114915290383909 10 155493121419901 99
3 25
1680064932393882 62 1686590389271055 33 1658280444827573 62
202082600888660 62 174082520133099 62 178870563106786 62 182290048502052 62 211504653633632 62 242197361743778 62 174134222587470 62 143250529247381 62 208985313146250 62 156025795668754 62 184990046201752 62 166848061271328 62 206781688202356 62 184463684354270 62 199954518928296 62 194725286029393 62 231426527046557 62 193289487089068 62 189274239496768 62 204106786882395 62 222145304764445 62 225427539588955 62 221673792547849 62 165879431090143 62 221190515431465 62
3 8
712726714887642 64 895079054223746 81 844356023726272 26
416058696831090 52 303141977066022 26 339819583994382 52 249490304511099 81 224419002989510 81 308836940208482 64 249944919460395 52 256694598417375 81
3 29
1102783720426004 53 1092280224928950 77 1069652727063292 71
117719966991275 9 107741401533986 81 112915731539729 4 117871039276691 86 148084694008760 11 113446272442168 48 115921258396624 59 105490546210505 80 108932141042517 89 113410863549717 46 118282767539941 8 103639727528823 84 82663448783972 26 142025013747663 15 121418240146521 62 101700266767950 55 115837156238157 23 112629823264104 31 118888945641428 61 110402989881954 12 106652511910193 18 116481901319971 73 131521347421466 50 101622032558875 93 118074514390372 30 91156590548682 32 110413612457518 74 94746052183125 40 125959250007231 65
3 92
4331336198571999 43 4324098468117479 38 4323871529065471 43
164823674236546 43 136334534281196 43 136927339163576 38 119428773972338 38 122868182411777 43 149279894176862 43 136141108407386 43 146828496266760 43 139646648177269 43 150478326259222 43 122748861755195 43 136827329366779 43 118522436234735 43 135956893928509 43 154241207521967 43 116095096698666 43 141336941259805 43 131387849507782 38 149723255739771 43 141361449911845 43 170915306126880 43 143639659959313 43 133183174310799 43 138192821666606 43 116615007390160 38 165158307369193 43 134683694535736 43 118674168374121 43 153689004081662 43 145141450555399 43 147843898850829 43 149549774223490 43 128905674343067 43 144719390191681 43 145176171931446 43 136147829938177 43 141357635976177 43 145765847551970 43 164192851354628 43 135961392272719 43 120900239688507 43 137748235260325 43 146714070779200 38 136893691813809 43 156454848724492 43 131707261965676 43 143981732223055 43 146567465720280 43 132447699625377 43 132682723607473 43 149526240066859 43 154680565747336 43 170287158815764 43 125841046900916 43 129567703862437 43 147232228433421 43 139358687894380 43 148077615896508 43 150907976298807 43 139413042860020 43 146460325354728 43 142889250041368 43 146981913355832 43 145248706611117 43 138056638826568 43 137964374514500 43 164347465816553 43 123300197043163 43 136383823194242 43 148034023740560 38 144280966193149 43 148674082243223 43 140497218462067 43 123482662080995 43 150481356399541 43 166921638676651 43 152845908026938 38 140687557296878 43 125495399956562 43 130131276591402 43 158448493576665 43 145440884703305 43 144774784743146 43 150336100016503 43 150140277953519 43 146116404256472 43 136067941425641 43 152828462787177 43 164089142703731 43 122637673819918 43 162790202287462 43 146641084604295 43
3 64
3563433392557439 23 3562796348174620 3 3562373174885643 44
166899274408165 3 168199675311808 44 167536637969361 3 167992052665810 44 169630915222230 44 167966130691580 44 166592986010565 17 164126041423065 3 166830861281638 17 170006631600191 23 166719707020028 3 166599281030708 44 165814065734679 17 168194140665908 3 168457119688666 23 167422371171354 44 165331510837854 3 164910305243186 17 166394123248535 23 164635907415517 3 165104994420828 44 166051899829753 3 169544485332393 3 168386669577088 3 166869598094359 3 164985581605295 75 171302650167289 44 164891863311644 44 168284669280168 23 167721670262032 44 166956730396296 3 163156229232184 17 164597113035485 44 167900712946271 44 169496580829888 23 163615312063400 44 167530868102922 44 163672024837333 44 167470157134624 75 165447930549440 44 165809546401990 3 166706631512746 44 168414090751462 44 163536970656629 3 167335925559201 44 164941128047684 44 162661207822476 3 167127212110743 3 167294502249989 44 168731148965281 3 167461808778774 75 172860585711982 44 165765185411571 3 164163872445810 23 163176798549375 3 165388233731270 44 170579177993183 3 166108906610565 23 167115394144913 44 161682076110542 17 162870926781222 3 163043544681803 44 169331396174345 3 163390752719238 3
3 77
6565667006230584 17 6372449645093354 40 6342459737404582 11
277561894896024 51 150165455902513 66 275458810711699 40 173743586274239 97 379345273881749 17 247613322456566 23 225522981771015 7 285249240432794 6 258816314404216 56 266839121093261 61 193715172218764 67 276947350519690 54 316591574682321 16 239834978501154 20 184354433672019 90 343939011552523 60 211336700984788 25 307069377142938 89 255922736599668 42 48752906776234 50 311512805464847 91 347314163922247 98 132051505786673 82 219541716556551 34 411099014389271 55 299489227077608 77 193258167732642 58 247629984951736 11 147366821226025 64 315633109074649 85 525992777782122 33 283306973883174 68 134773188614480 21 129510360555048 88 217186269732301 1 263397749784329 25 290607131822455 16 340617988312037 66 242418655289026 34 426110823274915 64 317519885504826 82 395126741241880 42 365768634950132 67 214038662503575 98 258901931538896 91 264362454772601 55 289161608093568 97 458333277407491 60 178917519636614 77 212952302914633 23 314993840914790 56 329118768488060 20 288241252139960 21 342768135256675 1 244894548019016 58 206888762595420 54 300550858495720 85 158525225495180 11 295900868384538 7 173048145825829 61 365720584418981 6 152428803122096 51 242875309694082 89 326132253050955 90 231075469655143 33 422833442145257 17 473020839628005 88 200155374806098 40 83669659953040 68 304239239021491 50 253211288671876 25 264251477691397 51 289224889749880 61 287569209615483 40 314218685925184 90 373469893848235 60 317689074848810 85
3 98
4193373288886560 36 4075660310006785 96 4090839113177080 36
194867627612699 36 231300503979993 36 42437387559644 96 73980099882347 96 49301190750844 36 38593338531634 36 167535732052115 96 94576151157420 36 185538637154072 36 90380500207388 36 131294870408259 36 83658322524979 96 67481311247993 36 147031522192220 36 282058610258292 96 226135561395125 36 98936450388361 36 182489118022886 36 105746465693961 36 136489898502228 36 259285123400429 36 235928392800230 36 151442953123001 36 220494619027928 36 76542001000809 36 91007653673515 96 124795987203882 36 92318502542742 36 142776661083352 36 78123588822044 36 117811955185145 36 171638563052621 96 90469194386863 36 243568610744636 96 60376647299664 36 98995553038169 36 142327105695059 36 188344224325676 36 206677478068424 96 181096565041859 96 64365301952905 36 152220465806054 36 52810297197307 36 49315966722155 96 167718746802499 36 112189562630659 36 118341583919522 36 44476669304300 36 107291450083072 96 222644177879771 36 146780629911383 36 50648244823395 36 12723629501462 36 64927055992345 36 16061043541130 36 74281067315695 36 157684677785588 36 116278641616203 36 148188165887041 96 135114318602930 36 98843387392876 36 181104316091076 96 7009596835706 36 189796856169743 36 144507433955812 96 203635365582214 96 79613249030336 96 179458635259122 36 196888421248645 96 110092845036087 36 240449568999155 96 129890063501725 36 192132709663180 36 119756624638347 36 118237008516783 96 69505776130038 36 92056242693751 36 144175747243476 36 206454127509786 36 57348649515076 36 143596516979894 36 104835789629169 36 96507760652229 36 68857157514689 36 222787235279368 36 80731743940252 36 201446495835693 36 140198808295437 36 140042381525063 36 223801406910398 36 115678601690308 36 177348426339724 36 191538003751857 36 134978088889280 36 70238909923221 36 163195750311497 36 75695832746068 36 106311080824852 36
3 56
3338381821849950 27 3336342542315447 65 3339075221673325 65
167652716658777 89 176236998108501 65 177286199844500 95 191476114648339 89 175935038818033 65 178084861428465 65 177931403586117 18 177661100068507 89 188147181832070 89 192716420419762 89 171575917740844 95 184721852458038 89 183880786601763 89 183685980134378 89 178753246782220 65 170298163742863 89 177025225661303 18 167212410241686 65 182370528070970 65 178085095532682 89 187064070241144 18 175308528491865 65 174189877632592 18 184065325800320 89 182416631441292 18 186135198154974 89 179787421101635 95 181430581495756 18 174852598621245 18 168948877633755 89 183025940259787 89 174396774926476 65 170493708451196 89 171800391910589 65 178314045929637 65 181373187402553 89 185841556836577 95 178102491630715 89 176531105458370 95 172184278716006 65 177461149571948 65 179850391097437 18 189352911131016 89 184486978601948 65 176670652674460 89 177769534560291 18 188435517207155 65 170845302283542 89 180952278795982 18 173072110547478 89 181474098514930 95 174541167402694 89 166813163010635 89 169199325580358 89 168939955639172 18 181734749693663 89
3 84
5780420389696350 86 5715659687060224 37 5825111956442635 15
133065384878435 18 133554367467751 81 233716401751841 39 110374479233122 76 227385685937628 15 41630853323806 53 107423652493107 93 248634843719835 57 228858677786936 63 256665912560974 96 218593384238697 91 258661426995268 8 204536118688528 68 184466085902149 58 149360673383515 41 187585251810826 34 165421109241553 50 209665072944812 73 228290913990070 20 215480506518394 97 160135661821193 79 212180611919129 21 316671966244672 30 228663564525944 74 258445568036438 40 183898984582108 3 178216625534661 36 268204325149850 1 277854661522869 72 202379534793109 13 179158300212627 86 219524249764948 37 203879511300899 99 253737729335853 61 204425483969110 90 185615332400282 10 285261559784778 9 274551493072000 12 113451091283148 58 272081606494080 15 131882849318616 13 196913214756368 10 206854674571025 97 118436056087763 40 153051640546789 3 121436212053703 63 306510743159395 12 122034916690023 8 139511398301383 9 199504570693078 57 258945032870169 34 258116182001583 68 263193849188202 36 182403887680786 21 153750774942602 73 295055649481250 30 294862636771642 18 165638174151026 96 276026406883992 39 198133174001696 90 121976501580023 72 214304004815910 1 187727719563058 76 199785110500856 61 223154297000175 20 193980971913804 79 236814111044235 74 247128137314516 99 179873253332273 41 156457854383806 50 374506131561312 86 259664388820667 93 170384728915157 91 162395055795350 37 223505572577918 81 236236700996747 53 230690154053011 9 191574146162452 74 174186590949043 30 209847639870308 39 226278453294887 72 244728641114548 13 205084378839370 10 89053402152655 3
3 31
2442477418577580 30 2444727485380241 71 2432971957399651 30
248839874881726 71 238351614587896 30 235321592122899 71 237035643213101 30 220944367038246 71 235516031957409 30 232475663971697 71 244262490154721 30 226099905572780 30 230632842697704 30 231268927569661 71 240083614434231 71 242810584179226 71 234766863139024 71 254463302721215 71 259423682261973 30 228157126814005 30 233633173170178 30 234083416408939 71 233713158100564 71 237208974716222 30 241619790587373 30 231820257509141 71 238425345045471 71 223629643339882 30 246742322730711 71 240360721482497 71 239213766772319 30 241347190830529 30 228058076888151 30 243003249585068 30
3 86
3414833008074990 89 3436793611096790 98 3422109165838989 27
162069026386664 27 136964886665237 98 126863446197771 27 109961811133443 98 97101959781948 98 93970026605248 98 113069419981518 98 111553853869886 29 86559323966218 27 119873054025611 27 107001416726732 98 97916037405717 92 101455900335903 27 84253193044855 27 126357151221526 27 89549989706957 98 128849845959312 27 95483241006864 27 150965502677384 92 82539060573012 27 99524071480310 98 105633234905433 27 132185802514431 98 136639359620585 89 101765745440221 92 120531158025822 27 80512417129884 89 127699844978059 98 117680740873385 98 130730614751573 27 128877219185135 92 115009910457542 98 118310413351176 27 107952755197856 92 123591623471459 27 125442325315071 27 145925774274687 27 106584988002444 98 108178982220066 89 142000297279916 92 117408712505404 27 96828048534693 27 88274055193574 98 98886725371932 89 138329550224292 98 116358412292208 27 120443917903657 98 117187210445652 98 152695161889536 98 109937671699459 27 164120900566868 27 119130847656596 27 166666461186856 98 84309657973193 27 84667382484352 27 132244894403495 98 95145506676837 29 67338654981371 92 95271904935928 27 63252879294267 27 122284004356244 89 112450181853535 92 119556835513258 98 120403162506125 29 76937305666888 27 66396584820951 98 132851188715945 27 167734942244584 27 89173258384511 27 128920726892728 89 134731555123000 27 124153267988296 27 112658246173042 89 108255317446531 98 150454852556985 29 168601332637293 92 85209759152470 98 124685820648253 98 171417139697772 92 69742812183972 92 149189320631092 98 186680168562510 98 108579963257372 27 139024498170385 27 98761368012913 27 103894948690092 29
3 12
807229350261600 6 810222625198415 35 808627406632338 65
202181021223754 94 202621645550205 20 201432413055274 33 202004188605879 65 201289079738455 6 202753139624596 9 201347795962727 21 201558161107125 56 200830291976114 57 204209762429434 37 200887210898641 63 202705764552948 73
3 80
2924478966726560 50 2813432496575543 69 2844306864939697 50
77390257966176 50 307636207707462 50 88575558174255 69 49103645471359 50 174110847730388 50 91031833676462 50 130169886574330 50 18353436693441 50 114773859790214 50 131966585579193 50 120990458073090 69 68993905950180 50 11559680742872 50 52214453546022 50 278886657600878 50 97975463971595 50 127290683256347 50 1 50 129892541422076 50 1 50 167971302486659 50 161838393853586 50 26839414346777 50 241825159358322 50 35852170122521 50 89829905855618 50 93657393134072 69 182023424018509 50 77672738346499 50 1 50 114784063850665 69 130119329848760 50 163887138221314 50 117914875941015 50 75303703338449 50 196384403181548 50 68805945316951 50 117778484292113 50 19354609396279 50 20716155070635 50 18778487992433 50 322834211770590 69 216552171762230 50 39164510954784 50 182376321432278 50 18466998477941 50 1 50 107447854542889 50 43739382032167 69 217865215650552 50 139727456675232 50 140333867679987 50 40234014908665 69 95471352164764 50 1 50 1 50 278788104474225 50 133185702799616 50 155622231399365 50 222705335020301 50 1 50 15628785524365 50 64555960358918 50 221681811360303 50 132542836318847 50 182658385162154 50 146670933267531 69 72795601672439 50 189186997694906 50 1 50 92853732791840 69 208644746321005 50 112939892826232 50 103629323158864 50 50144120819346 69 220423879519798 50 173796641492406 50 103222316880152 50 80253106638065 50 130711695985603 50
3 67
4542760822198453 27 4558388709346584 63 4534122571039386 29
187696494720105 21 206896668325933 29 199589479589078 21 217922901033039 27 200694559099634 52 201954227776401 52 204296702632471 52 210281396569775 52 203137073885284 52 209141621102816 52 205110138974007 52 194362967410303 21 213482570302071 21 205863252277976 21 200690074365316 29 201463541946178 27 201743367642391 29 210987386967432 21 203230926784612 21 201048081465435 21 214039003486728 21 201570757393740 21 200133097791455 52 203622015024829 21 206690535249856 52 209001026771607 27 204025582768708 29 204727668152810 21 196286187727810 21 219240021073193 21 197423692903738 52 203172688851106 27 199536434856374 21 197293752732746 21 201996934368624 21 212599883762400 29 209751233966426 21 204632834936009 21 191548882577244 29 201648260019311 27 200865096283654 27 193295486934297 29 202820202596798 27 219238272782765 21 192495083886735 52 205281663580469 27 203944956395677 21 199092077435372 21 197347352397893 52 200711866917851 52 200199038758708 52 211399996466814 52 195796660759698 63 205437352888934 29 202771117769452 29 207709051159822 21 194506992018865 52 209199808293459 27 196435172207858 21 199109736675702 21 219356611410294 21 204834389764696 27 205095815403175 29 202482657920157 21 215860632888524 29 193436158231331 27 205399712515564 21
3 41
692614919008937 77 681997365476684 60 662069664053781 26
47544584838257 77 65461199311669 26 39990088214115 60 49920817162154 60 60976438799496 26 50964130721289 77 48443126358354 60 49104760755055 77 49112252926567 26 60276811483286 60 49346815790299 26 45898628375619 77 47907399847510 77 72481027028621 60 45717369278826 26 53604082105444 77 54827031207654 60 46695007743083 26 45048994915007 77 44630029629105 60 51024091165943 26 37604375214636 77 37267776643137 60 58704127089813 26 48344004292233 26 50615918489342 60 55945448196503 77 41257804378614 26 45711768906556 60 49795015595844 77 53181024804364 26 56796363302187 77 53910558479851 60 46460716756900 60 62621363086124 26 42771558279997 77 42857420064734 60 65637696511614 77 47489348752362 26 39307693124491 60 34386175104203 77
3 7
85506785408715 61 105276310407712 63 123799182499877 61
46972799005841 61 43352926946216 63 52386237435568 63 21553994214029 61 31271884434393 61 52904022984519 61 35368425673528 61
3 53
2165778072989466 28 2201318810661531 57 2258928932361678 83
161273365956211 28 88598470035582 28 147866109566078 57 189775549218385 44 101080719119903 28 65702825006116 28 110472940374344 44 155814346411249 28 92444844188038 86 40373068201686 44 165652907017482 44 144324440752379 28 131827788533719 86 166119605265171 28 105610975234698 83 151093972688146 44 68824619618169 44 118408121600785 57 124704236185552 28 47625886144360 57 136528479239863 44 102657753818209 57 100314234180932 57 78864782872845 28 64677462380089 28 191518636168784 57 90361986708566 83 78800086640798 28 145913304574501 86 151005866143227 28 96067442251181 57 161803847493283 28 206114101355615 28 129965761159627 57 72169343045659 28 219662764570472 57 167852435270914 28 179791877401300 44 114763948962288 57 118912552644490 83 56765909029670 28 118011830552182 83 131554936819466 44 115590216024793 57 188385341259882 44 142192272891236 83 82394384876182 28 129484783782888 28 124094657396028 28 144536071566007 44 157428463503733 57 123642742320917 28 34910440184717 57
3 48
1621917015108455 85 1688577862762271 90 1650895021162926 88
118094304986804 88 103282994854644 93 80229263287550 56 97732816670266 95 115845640954816 64 90654511718709 66 88196111520510 45 102529724649656 9 110456664167265 40 80757215492420 19 90984536636856 16 106298141552202 83 99370540389212 51 107453540810119 25 123829815213773 98 138636426743127 82 119269287460518 20 71325223218994 77 140060882076732 62 47009258455914 7 192006880100005 65 137510466287072 49 131705011822344 34 147743636962020 23 114906993049761 84 110476226461173 100 124644764257730 48 92254087510137 78 56548224452906 52 99095466924045 37 105141047214341 4 138293276104441 89 136888882413806 35 63471867764182 74 84705837074800 6 33472095348644 70 91637486151699 36 125523576273486 54 153734411823820 68 142451773501516 75 91371709448099 87 104240644515971 85 100615305221480 15 127553290438651 17 128147421906691 86 139672492555298 63 137488610653220 90 102357847088669 8
3 96
8617504295984281 82 8460741823339978 76 8423553853100730 82
262625606656052 76 222600693568055 82 329303049613446 76 194324088787349 76 295238973126088 82 327371091191523 76 292786134252606 82 390566550620773 82 100304078785079 82 273371555480482 76 239107684588898 76 398981567956373 82 248212430999538 76 321025163164769 76 293328138737515 76 167643146555062 82 162771120428867 76 348170596270907 82 269108634350416 76 239551398235117 76 318155333772078 76 164165039463737 76 226405518164044 76 215416704424091 76 334624711183588 82 275381457133861 76 156703549373469 76 305237960832555 82 274200078501352 76 252573059024260 82 175682398027110 82 204804936628709 76 393176812140245 82 266788700207016 76 206231839097143 82 248576062120749 76 314757485226840 76 393607016066204 76 260840724363257 76 252932660409652 82 122796742516438 76 218421869798504 76 319441406112463 82 279223494098207 76 353441983398916 76 318867325216833 82 330236053452709 82 324748589724760 76 291467370195460 82 176390129265137 76 273715735302021 82 172254980309491 76 330200419055616 82 221660555730212 76 220495168707191 82 241485187411479 76 312376417057270 76 260774884356395 82 150390889932489 82 284900869632325 82 342576127525627 82 325953920706756 76 377191600041506 82 267179289975140 82 284446580615764 76 256375068196888 82 369851629338605 82 208697471499046 82 190059049156698 82 262088067384471 82 388887307113039 76 247838636536229 76 438084472852381 82 211243825430980 82 275675052203065 82 275889347412514 82 296160906887140 82 250791437080876 82 291892284639658 76 247271018580341 82 290753074715463 76 185657763402705 76 389761751560840 76 267263099865512 76 73166058985733 76 225149211320729 76 265638032857498 76 262064198060207 76 154780171829376 76 288371219130118 82 207844927658805 76 316695244332501 76 290065741661771 76 142418337779889 76 217942127010703 82 289178002478963 82
3 80
838531453505184 46 863703174975176 91 924868796711593 91
100669959333512 18 1 46 1 18 96565473502817 98 38044342649154 2 1 91 1 46 29586638435063 46 1 98 33772420004356 98 9759073264488 46 80712473568977 98 1 98 40981876222246 98 38165925332140 98 1 46 1 46 1 98 27024264700652 18 1 2 62917754336689 98 84331265908526 98 127946319617201 46 146232980299749 98 1 18 47372840320373 46 1 46 80022422144397 46 86217732858585 91 100313473273763 98 96968859456435 18 96331776920688 98 1 46 49501487126590 98 106832950390515 98 25013221575911 91 57584299033199 98 64768120114699 91 76690605831690 98 116731156929026 46 38382099330336 46 27332874434653 98 57243044940473 46 66998870817118 18 22699897380335 2 66697336671604 46 5418806289940 46 4067057604269 46 24701327294111 91 47600738374341 91 1 2 50636114496734 91 1 98 96336731683542 98 87522993914624 98 177341031959163 46 145048717319327 18 82142779180679 91 1 2 40204342643453 98 1 91 116533687388194 98 1 98 6021789821867 46 1 98 82738164375184 46 2821395742014 91 1 98 134946091278285 2 47118335926788 98 2978994562498 46 62391260343394 91 37908624118650 18 28163545913139 98 1 2 45022540447531 46 48427437984884 46 139710777846801 18 1 2 89609424159116 46
3 46
2628886943081788 76 2612885044813147 94 2697994334662067 5
154746816765672 2 151402627129025 5 128644255933600 85 154146102044276 67 90876835256623 51 100761337234982 98 110244230565247 60 133917004585431 77 132117029012274 74 68890111620012 100 203331633159086 28 83176974436380 36 81083712370593 94 118232761157067 73 82684724692371 15 43764346099088 92 170854601383169 76 168467346064088 90 206033897403541 43 146135042093622 84 163511093603740 34 140349998028159 64 190157023788785 50 72943882584873 72 151357293594253 37 162433502101949 3 217756747739152 1 139557300440084 22 134598053886681 55 85256876111956 38 114128669662624 98 243963798841029 94 142552474438168 64 163122069990776 34 64284368993975 28 76214266413990 85 184420604340868 55 158715341694729 84 61851829079125 43 46413849615688 1 161693749892970 50 157252131020509 92 112640077113384 100 168140241743898 51 209808387007263 67 130478249746441 15
3 35
1351222277560226 53 1236543488773180 28 1141643898422837 53
120840641460229 53 253156724749609 28 120141522520149 28 163081078053755 28 32668863791149 28 58082545836954 53 303314919078965 53 1 53 174398121934167 28 307751272984365 28 140708611625416 53 82730408930322 28 217941866626198 53 104512375302319 28 90136825663120 28 166035305329756 28 119884492824892 53 67738590098270 53 86226718035584 53 228894568650175 28 294670133800495 53 92152606116295 53 96679172836804 53 184072063452 53 62921287891196 28 163704154239423 53 1 53 78784209726052 28 1 28 241997204196365 28 61932450421011 53 9607724161389 28 235454453790071 28 74778384426165 28 142927465952495 53
3 72
2599724666155194 41 2635544854145127 41 2585118213377052 41
112680888721019 55 61229880031266 41 153227752434683 82 118595346555711 99 62929123865269 55 77535849974260 12 107339691666128 55 140073627321066 55 116037560392780 41 93600323924245 41 129791607012116 41 100680953423158 12 103497369823344 41 103596318063879 99 86719700687112 82 81710536534125 12 104673697363138 41 127733117941373 41 100132297016400 12 133383093222580 82 102780563779063 99 126997600493684 55 96617946187341 41 118813964759926 41 127315819203906 55 75772445096886 41 116779704843338 41 154588987213849 12 83068649292545 41 150043836361563 41 97932503002779 55 112550054498968 82 104324369567389 41 60738309990268 82 82850131986386 55 94749288267044 12 91637735596645 41 130015150751611 55 99947550518175 12 133733198427945 41 97612968549126 12 115093238483892 12 96923718763906 12 108045542894601 41 130555706216758 41 98521031733831 41 93310762809101 41 102105782432997 41 47664455479682 41 92822746262097 55 97570705097583 82 118445866321266 12 112225240211269 12 119701541375331 41 83551016099065 41 139076805719833 82 139694438237277 12 97587379892652 41 130005843467919 55 150032874351704 12 106181789373997 12 144939866638620 41 83247926546593 82 99663086921833 41 126712705019377 99 105074050090126 41 137718716810696 12 110481822000387 12 94117771708392 12 93379775627698 82 137863350596221 99 147804321990132 41
3 82
3734496181296047 89 3824571739563799 25 3752780389603631 99
140250402768557 95 129086709580972 97 72666480456961 36 165667857808016 99 70236032742835 14 114168342302666 35 1 26 83224387688661 98 24969576598296 18 182390688498206 34 124535629910000 42 26480270440437 33 159883484425052 93 154952247786828 32 82887282302875 89 203345661230293 100 185996967202826 71 75265346109334 15 29037075707395 55 85903637247337 69 194312307848751 40 88764557957210 96 124547348282660 72 171207039780618 24 94092726987696 54 114087184890371 68 102635353144834 25 177882745470745 16 157146749298205 47 100102323975532 66 91585528344384 58 192968007968326 81 156470816184248 32 120936373353938 69 100167959349704 54 30189662733649 93 109546789837433 98 166430091171854 24 24952293441459 58 130532043765878 16 1 15 127862727678315 89 164055412614099 97 137967398888314 66 158941151462182 47 115250067566932 81 96373125645110 42 178308447751509 71 17182985557021 99 139201702270060 36 36319402923596 95 189254556323266 55 92436998752536 26 1 25 84860368256187 68 22372757167298 96 37952725057168 40 107617174850191 18 77275840801066 72 208686877706277 100 40056222269814 35 94818472559245 14 63984613254979 33 307856633123677 34 184530699959146 16 76509045036455 69 1 32 184093942860630 35 112004551402113 81 204423083510734 96 5726415820981 18 223834468826495 33 145131907378853 93 245192103542663 97 89772419831429 99 74049435818905 98 171179434072493 72 58552717493771 34 83206236646368 42 196974461313961 14 192260685515628 26 80118785868893 71
3 73
1028712310508974 94 995296815093383 58 1020565695295682 94
13324571510795 94 35216991979344 94 29400361252890 94 16802142266311 58 50756596368310 94 20836088015700 94 35114826327737 94 20730819032228 58 81999619617104 58 59138539801678 94 60452097872499 94 20903086306507 94 65028706497818 58 40329372543364 94 94885206935230 94 9588489288399 94 43073501555503 94 56076860451246 94 50483603231370 94 47326242483103 94 80039168377353 94 37362644402247 94 36162611350420 94 66616519448881 58 16486414472588 94 3631776527426 94 87511720616259 94 36873596985111 94 56764420544734 58 16523561536640 94 11827596804239 94 45401528054401 94 16313831018982 94 38627866360181 58 29258581268313 94 54709907050330 94 59301610699042 94 57462181088901 94 1 94 57053068944503 94 47625371315044 94 82909265521499 94 71170806416521 94 1 94 81654304776163 58 23572693606680 94 43978388935247 58 53001328891081 94 56438061562198 94 24665356742761 94 31577030516603 94 62852521824694 94 43368057094699 58 45336456315970 94 69425801401792 94 71062205787242 94 56514106561757 94 35974330221688 94 46953381475206 94 37611055346163 94 57792157505635 58 32574011843586 94 62179947898246 58 77272241088551 58 50774877073062 58 39722408656673 58 24301464543939 94 69640720200620 58 44147527891112 94 32566987277204 58 29934189120430 94 39351149632726 94 44251832076828 94
3 49
1013990462840809 31 994126399012517 38 963050818289533 39
1 39 85903572550991 39 3499770658150 5 1 38 1 38 168353580786923 7 308418317450140 39 1 31 1 31 52269463303323 7 1 31 158705388539687 31 99617992858998 38 139277807766630 31 104628845851908 38 1 38 98033008138488 39 1091626980415 31 14535306590430 5 199299958481312 5 1 31 20838569993999 31 259712368554622 39 58345687791757 31 1 38 143939141545151 38 1 31 1 5 133187689586983 38 122241668777538 7 1 39 87741242314598 39 1 31 75482631490256 31 1 39 133848156740761 39 1 39 35395377952369 39 46084475220456 31 1 39 1 7 32336628471984 38 19902806133855 39 53690024848303 31 1 39 172359073487914 31 47808459786976 31 205459541402063 38 199053233199770 31
3 44
3597914711160355 76 3693331692567950 24 3604869832923898 56
211940716922694 24 183652480071948 76 297703853938404 56 153494659681293 90 162798921800303 76 146305457853011 24 149874638221486 90 244483981549536 56 239095731554472 90 213182747088764 56 214002886962694 76 293760505922095 24 277821765225000 90 137718552910206 76 132520508612065 56 176107067926059 24 282126885071969 90 288833430891776 56 234882409427919 24 276563261997674 76 243558330136968 24 334295151164280 76 358478638563929 56 188407602096112 90 280318279775461 56 268471802493259 76 297077522710254 90 324060522960754 24 338567467181122 90 118790478438196 76 307217552085381 56 209732954675227 24 313918629436289 24 210479433131817 76 257716940333153 56 272911301428664 90 297828218175399 90 333868104379582 76 292526953092405 56 292765303542324 24 96582488395716 24 345541537404234 56 141087348000829 90 283122297514984 76
3 41
198610924377805 14 156742518852561 88 74751712804026 14
85364625086877 14 10512999002603 88 17773560711488 14 1 14 6955152172581 14 79113374082227 14 170740339748157 14 162937400987867 14 1 14 26521441670560 14 55474798352064 88 75194926259100 14 1 14 12597365287794 14 1 14 1 14 1 14 1 14 1 14 102331142955115 14 94440599718632 14 11229225428227 14 1 14 9460872944743 88 1 14 44629495644609 14 45696920985314 14 20441655180867 14 1 14 7658641913648 14 1 14 1 88 1 14 1 14 67464714446563 14 25277459789029 14 1 14 1 14 207254593703455 14 152580882564981 14 73446201880051 14
3 52
3698697620226490 5 3628631546418811 5 3612683624121625 63
160552275818727 5 140193733656313 63 196418567458420 1 384029238778641 5 233351787415327 41 171410881576211 63 151946885882169 63 243684893004048 41 210277975541586 41 250218979747455 63 250615667296845 61 93451027966562 63 179903254907903 61 137284151748918 5 178969667135355 61 269812910404717 63 149773240416487 61 246940381057660 61 186213730911431 63 137706849223494 41 164446851016615 1 354879472823343 63 244353339808980 1 193950321661717 63 207650416770819 61 144718502177387 63 324258914384001 41 228720874488890 41 213491103439664 5 253526491106710 41 320310564945406 1 141887452079955 63 169563898027114 41 254378513317660 63 205044322720723 1 208268286122024 63 323444096853051 61 21632992125352 61 275972020771005 61 247760373683055 61 196334148817116 5 291857732500777 63 204563582846657 63 195590766696068 63 247976103550455 63 163286567953663 5 232420495576019 63 204043812489237 41 255879073198097 61 268213481502659 63 189867801454975 63 290614295377607 5
3 10
789918105696978 94 711496547224518 25 764602272440531 2
205265969141803 95 174417240305344 23 188910254774734 67 247724920348624 7 187927945211252 33 232660262094581 52 249892465081056 76 179903735733561 98 164530483469440 10 196509212081997 73
3 20
431249359864204 95 447285262197060 97 439245253032565 95
49782932674520 97 57012179918983 97 84469375421151 97 64620701442535 97 80062011508809 95 53215734499448 97 71333622706756 95 69503820998025 95 77343588447812 97 63951758761143 97 33297524438082 97 72675200220082 97 67585043032344 97 62009742314238 95 77329795101722 95 48398601763778 97 59112155195187 97 77944298634101 97 62181975144617 97 43952836315703 97
3 61
1436608135610436 43 1433043240138470 43 1467196539313902 46
71468169577670 46 80631191335430 46 96470056947885 43 43019628875463 42 67312306685206 52 68952430716038 43 11267054884110 42 50100854108072 42 47996791700522 52 45442634990490 46 68013986636935 42 77547574408692 52 78260946720201 43 52831537084145 42 68552163610955 52 80948313758034 43 55626133751458 42 30166374327848 52 118907794606408 42 81750611463209 43 82803449049306 43 37237546796272 46 66920965778386 42 95541038279371 42 111238781045668 79 97939122311919 42 69318085538532 79 100496372407432 42 40455220386641 52 91774520817757 79 85742485663659 52 103963205284613 42 65133040029372 52 80473519668227 43 54319968721339 52 62562273154692 43 105581932365476 43 44264747764346 42 35206191888917 43 73455260659141 52 110470417094277 52 88894079073461 52 83491127664936 43 112548363621172 42 84193912028696 46 76579783131705 52 47040617244110 79 57717322899744 42 44107726600039 42 121314280674878 52 90563320870372 42 84595358340537 52 66391202165630 52 85964755502175 42 67524614253378 42 31423213495883 43 18458571850418 79 46079390262698 79 56518708663344 43 84928049934857 52 83373275436023 42
3 62
894108851707319 85 879945734715841 52 759629157401215 35
192824657308286 44 12168597963264 29 3097772177704 99 1 67 68438457701485 53 61693821915068 11 173797533669629 68 49215004644660 73 26057646436861 17 114271601007401 8 1 80 1 2 46512161068310 96 152906129251039 49 123810732571988 37 1 26 3990633573355 50 97308904348624 85 1 35 166763477077357 23 1 84 35221882326182 52 17419592929390 69 13817317739107 51 125029640037963 83 110778609208110 43 29398825047262 45 50084045869625 16 1 25 1 81 1 77 14761651317466 32 1 74 26558503983732 15 43597718741274 76 154827099923840 36 44478325373994 94 30776045389344 12 130900914675426 61 129298084078560 88 1 74 1 36 122612906155634 2 1 83 1 8 136429385294390 53 78187044092709 52 16951630248111 25 250307313267752 51 216950508433781 23 1 49 85984551054267 76 44213560450095 50 1 45 46702497788011 67 1 69 32853331370505 73 1 43 1 85 127192843617532 80 32407674786130 15 1 99
3 42
2013483591953471 95 2007316443986976 59 2012446512790922 95
102230207345627 95 65574270641621 95 119901987914952 95 146940998492771 95 140189352288739 95 136701589520103 95 91499454114764 95 111532859623534 95 138377896921020 95 133664072442866 95 123133803521287 95 127028014493186 59 155680189570589 95 190787517309666 95 163979389227060 95 122658612318012 95 144652446311054 95 148192680574139 95 166234671300378 95 150342317666830 95 133541492182646 95 178578903022000 95 144261967993852 95 171093188801554 59 147823041284900 59 112172396592539 95 139421995284836 95 144402599949360 95 124656776238670 95 135735693314947 95 153669682747991 95 150989692225428 95 212231925518733 95 170657624260663 59 110939920592241 95 176251498493132 59 134147435882000 95 127914197626421 95 154508934511669 59 189779650515432 95 123616107670019 95 160698811583327 95
3 21
1 94 235218434756855 94 122711430853218 73
38770209438015 45 83620473410581 45 1 45 1 73 1 73 39875110800167 94 1 94 1 94 32004228076529 73 1 94 12070337078767 94 14300457578532 22 33038669121998 96 1 94 1 45 12859630087533 94 155883543818520 73 49498158195191 45 1 45 1 94 63279582339843 94
3 5
387798746161914 30 395740630284185 52 382084639822320 67
241293495071714 6 222405261411912 53 270211652316758 39 216556171468599 88 234333596343110 1
3 48
1846751282376485 38 1744918188549589 74 1853789703910666 38
145381024694440 38 48310293751139 74 206308391700688 38 155379464004592 74 208973060218158 38 1 38 1 74 79345424231135 38 1 38 52306816605377 38 13513233222353 74 96549241224493 74 54399999415853 74 120208011327794 74 171175730043426 38 18993968918612 38 108649547710655 38 1 38 178083505770940 38 86796283090545 74 136741165175171 38 35945622933329 74 215670044170086 74 306437511886483 74 133093284921273 74 1 38 255531511741291 74 1 38 92691512557293 38 169817694070102 74 109420176546867 38 218864388422942 74 117018541148545 74 1 38 1 74 45169798268608 38 70607925079915 74 1 74 150482324022889 74 193944436961016 38 105072578603961 74 73605687997689 74 37561982330759 74 28653142541492 74 1 74 202444705714690 38 83681218150281 38 200276264092482 38
3 86
2553131006939890 80 2737743924404724 80 2588785529698447 80
65029282901414 1 92537867775802 1 48990200923248 56 294899311434725 80 248994250698511 80 263079216907350 80 13351887762217 80 79077093972914 80 1 56 31922682172724 80 1 6 1 80 9381863797182 80 1 80 71587687868205 80 86865741327435 56 243226897400861 1 1 56 1 80 87691752828450 56 48897575763636 80 20643252059791 56 1 56 160718284378839 56 125724744795879 1 227122176798748 80 48215009803365 6 41605280214008 56 80944584024822 80 184287560556884 56 9558242554757 56 85716139097829 6 152007267442624 56 1 80 34794251383271 80 121247428462316 80 154370737998902 80 226592158417264 6 139936220543317 80 122885119874385 56 1 80 28996814680165 6 112447991455457 80 1 72 70073129524897 6 56891736880195 80 71455308227682 56 295191978607057 80 146879561253571 80 22029804386544 56 1 80 120913881934829 6 52426779314015 56 116920419268218 80 28228219607444 6 1 80 196277840761063 80 137058285125060 80 130554105215232 56 166285200814395 80 1 6 207311188231868 80 44431522139059 80 47426322253187 80 1 80 1 56 86210656139208 80 1 6 204078388496777 56 30936839737030 80 328767525289178 56 175613881279880 56 144994672808052 6 154867595079257 80 88730007264481 56 44597891982056 80 195027339560296 6 69395952836520 72 159315480096618 56 27125026050357 80 1 80 201061425351054 80 59103811602290 1 65078452412585 80 178101474214806 80 1 80
3 78
6557294672820865 41 6494972011453085 67 6436959212845619 94
274241555725598 80 220528210393228 15 350555721052831 89 246100395941917 59 211726446799132 68 203193691997617 32 253230178683349 81 270338865792954 39 278331352471450 45 225014737300876 1 236335282510848 17 234189143075521 25 274418038859657 63 218880778897213 67 235716363356403 64 290548766930036 56 312436985973136 62 342028067884806 31 308252863756766 4 294875093226928 97 311223124916894 10 213444916749418 23 273693294832314 20 265114601240390 13 214953053266523 26 307926073483238 83 309592696189113 54 249743075851600 70 164946967030752 99 319940894265206 51 269419568461500 69 297889970780205 61 249059367687179 78 272025533720655 42 244328363273820 19 262571120005676 49 266432689611657 41 258420259158796 30 257846909520651 65 214013629411370 5 230364157148434 47 265533196680552 94 239834163699021 36 226125372115734 55 305827046695699 58 299371731705561 79 181213136633563 95 295794251364707 82 230559337207569 43 306831993167669 75 268839626542043 87 286333929384265 86 260090369084691 74 186382431254000 85 275191768109919 48 174359659552515 7 226708295907203 60 274868554414554 30 230857233800976 19 256526031291579 41 229806287093721 17 293348625312250 42 283482234475769 95 270138749817862 80 219114292708594 69 237503139652713 15 204698928265579 49 157845268784710 59 363729196944745 4 200163432275775 87 253449435442072 13 273162938664493 23 263978811613374 7 248768339942597 58 290811576936133 67 241970066326308 60 286945553222469 94 258043105134367 82
3 26
906167415274625 100 701882943542677 71 797358711095477 100
30129108892461 100 118742259491285 100 42296477280693 100 44457892484449 100 34874628494612 100 100755290695985 100 14246501123248 100 135696014604207 100 25488393384996 100 114489469042143 100 41528759569238 100 81602675657570 100 95081206355760 71 32703969316131 71 111510749368552 100 16438930097376 100 125268468906392 71 161997352730240 100 120291701236243 100 141098426310583 100 149198325597544 100 77062520016207 100 1 100 125639517686411 100 89410206550768 100 109664171666261 100
3 81
6533101207418580 12 6459219338147394 12 6506615626790018 12
246955186872066 12 201224916004659 66 192319383134492 12 325852450604758 21 202104460468753 12 324906793131003 12 184747844997449 12 254640360099044 12 290794036736618 66 255224815103782 12 355580026925268 68 261286662009131 77 304904473638839 12 158019770056017 21 187067224822058 77 245251618411878 12 311211015336432 21 270847159194762 68 205223277937369 12 352196064152093 77 197753734597865 77 222947733954707 21 221682640003013 77 185394253127395 77 233425014944134 12 275718468507949 66 221100175670384 66 250647013881669 12 240514853539360 66 220903803526286 12 267704079092142 21 286676011066493 21 279595962818909 77 325151175275076 66 236755506855783 66 230045293628960 66 226396820739552 68 262209028353206 66 287647444331764 66 230416921442910 12 249632621754312 21 216592569202522 12 251516337813398 12 221564885417621 66 251788140761423 21 290486599753634 21 205791350652636 12 242391178078366 77 269437559937504 66 193289645158793 66 246923180727206 12 184670698803403 77 226968790585816 66 210326965897919 66 278069474141735 66 270826341072114 66 182909145801360 12 194519012633873 12 273535688643648 21 238083524539873 77 277796520367598 66 237897435018532 21 312099586063815 66 240978501198494 12 195049043274470 77 242003193593915 12 236734551598758 12 242742448375323 77 224808396005816 12 271584240524127 68 244855322730857 77 214143637840900 77 265572990381689 21 237085189597696 68 263332359824023 77 221431716363323 68 276887836896086 66 331068231008660 66 260991243876146 66 233075655365650 12 268092437242430 12
3 5
433430065302818 26 377160008107161 77 380594409367507 85
237345123864133 32 239257236741027 36 270983966249976 39 250719671568847 94 244298152568403 29
3 38
2714899703742767 29 2741185028660345 85 2717496918105912 29
199475914877476 29 212402403172035 29 173967961897678 29 173808982393418 29 200558227229098 29 158129394106458 29 217422199894942 29 226631671677448 29 216479225349275 29 256939214444280 29 179569410677254 29 212562207964404 29 198978704626710 29 225297669771457 29 162195136930939 29 225126909765363 29 192704017618728 29 218975179619134 29 148618451015865 29 169878244793559 29 199704245235517 29 271021810710887 29 166329088350889 29 262003576716619 29 253742620163901 29 160591713474585 29 217939855764873 29 255906125026350 29 189948851725787 29 272697549916967 29 193173293951417 29 183824721946927 29 212226175972574 29 227682786827868 29 200201149255344 29 221110527819307 29 213818099718575 29 218204746312419 29
3 49
4301346875187560 14 4330480762561055 48 4462939005531157 14
273781405750644 65 386846042090178 14 255356136355476 65 265039452489155 65 358742453786852 48 284900592346411 14 178890584322450 14 264174053764843 65 336273616632907 65 369646983257103 14 249947904063970 14 336750819022629 79 269069857003943 14 246602954802237 65 281664729902395 79 209537136293600 79 239707007952324 65 321144922578985 65 258075816961778 14 136381795170668 14 206864961954383 79 291168481725829 65 333758027377817 14 210134493358665 48 269931399607494 79 298757679231834 79 198580402498002 79 221853558688151 65 176192372873846 48 254035800305241 14 384591317352955 79 237555814036245 59 286522000730903 65 291900825702221 48 300582269650712 65 290767794233333 14 244872923759650 65 221025687332887 14 293085334659883 59 275142964327467 65 251613459460382 48 225314792814558 79 211403582017455 14 262874431348767 14 172254603154321 14 219580926019885 14 81537326845251 79 315943178765417 79 170692392953609 48
3 70
4275031757025887 39 4117355969134616 2 4128821590158991 57
238257374271985 47 211972158199999 39 119192336235057 2 161444223380417 73 145066857003049 57 285404318403840 49 193595027705623 27 181030834034002 18 254666493034028 28 223353131246384 48 154268768427037 93 154693421191675 93 200463881783238 28 105351919537748 47 228985095508141 2 163443333394073 49 169164997670395 48 76341121676759 73 117307904791967 27 156138940125984 57 107025253626800 18 189704100873787 39 76669551683011 18 148426137444543 48 200789784371730 28 147350169853625 27 198976530974871 49 145250792634475 73 131133289661930 57 261436107208524 2 145896358096711 93 131163716719813 47 135712622439440 39 89978931504986 18 133702403739605 49 56269926661409 2 229045981759401 93 231036599727902 27 164710650829593 28 251532876496792 48 122938206630043 73 249280179026333 57 223439680768298 39 228889004777001 47 255659876828753 39 143529489754572 48 248819815949709 2 184721565687044 57 100764285075678 47 294482254476646 18 109504561138961 27 286995227426770 28 252777845848078 93 134799667761271 49 153806522446842 73 280674491645049 28 174686074126892 39 94909442524756 73 98238408791167 47 368465892344264 93 275858658358668 57 267474420798087 27 1 48 171025178234470 18 237879602785880 2 147019366434060 49 84422892082809 39 90462583662974 47 223368559975902 28 265807288857912 73
3 82
7030545423194539 45 6995639808317760 76 7054009205769574 45
292178250905569 45 294057570993446 45 281643882911379 76 238667452366928 45 344950569514063 45 236358941984393 45 275273010810132 45 242454441372166 45 263026410153409 45 232619515227673 45 248080180648386 76 306311707776367 45 293670808508044 45 243634470445662 45 284693093066838 45 226264006422028 45 253861993190093 76 259062732893631 45 264805380493000 76 244794938885647 76 225206264145140 45 273782336639200 45 289717493855696 45 235396119062538 45 297546521785144 76 267975854767281 45 275572153343955 45 260804422998937 45 218732363822672 45 222284772876157 45 261903938175209 76 255681609255813 45 257505176127362 76 250334137704546 45 221293257058135 45 273689834969309 45 327021887440692 76 224471391483731 76 235909503398072 45 300985209839698 76 265119198923266 45 264202476481638 45 290332805724352 45 197864825507234 45 207852173669961 45 301241936002479 76 203305992567519 45 242249807834823 45 280708087763852 45 257419980579383 76 220605652737729 76 265399536657645 76 214612064248837 76 221409535265049 45 253616576090073 45 247493253305008 45 329776403681347 45 269776141103693 45 284795271658765 45 293471459507956 76 254047596064180 45 242624787816530 76 262287282416246 45 283421718303528 76 280961229331228 76 260096226446138 45 266791831020193 45 263749593070886 45 258590593850593 45 263490671479177 45 275018054347119 76 255673744493343 45 270436070992990 76 317062415178259 76 275378251534155 76 249562504105165 45 278559973225350 45 207302206995381 45 287648100909648 45 293017294448255 45 288072399460566 76 284336730003242 76
3 54
855857961169206 23 756556022740970 23 819244318038801 18
1 23 89482383678129 23 59085280000400 23 72172307384327 37 114461836830048 23 585632662368 23 84552712039029 18 1 23 52790998726227 71 33623686135168 23 2141281333367 37 1 37 35205338929269 23 47816060869036 23 30506097703038 37 77713137015288 37 19208953952183 23 61206544529173 37 10354909293963 71 18534769417639 40 68943555482608 37 1 18 1 37 75554645833757 37 3663374758985 23 82372577225833 18 26982138437626 71 101621039142398 71 19280739300956 37 1 37 104703344306528 37 87690348559343 37 77949765676697 23 1 37 39260949201911 23 60420939493073 37 1 71 26831036430141 37 77731125709417 23 1 37 29206062576864 37 69909138376531 18 24806987258307 18 125408653553798 23 88277744205592 40 58081600343553 18 77254194660862 23 46661566334185 23 87222507784706 23 1 37 24154513662108 37 1 37 31951039712777 40 71170362911167 71
3 52
2585315133907209 33 2524332279540272 5 2533484904502239 27
179493278651250 24 133159093466345 31 74205015050435 83 134690528775223 80 81558914410918 84 138163880929807 17 94356276669308 47 108881588794309 3 89414392019931 73 78440762602032 22 68651316021292 57 18911033220465 69 93675258073327 96 193588118383046 34 124507474009010 92 109748120146019 67 130561299387937 43 124158853215551 15 131616229390185 1 139203829887278 63 160070155248029 85 215027290863122 66 180217412026753 40 146039625996742 95 128842748349867 6 32084547910196 86 109432472736623 10 160027185209642 39 177082878499661 97 217105511108654 91 136116126749084 61 124523494363094 82 216127219746818 65 128909625831517 78 164594008857728 2 98652668515579 72 135417938932743 56 159506859071110 41 113586241540789 12 195276993722580 11 148205636079927 53 197922750825556 23 132948855566551 36 96507509529031 46 93397394635160 48 136608230743159 58 126062121745072 26 210465136318344 29 119883545080915 4 86920045088043 59 96214540609605 77 131236283371988 55
3 18
646751321676263 29 713795611228319 70 620142598335919 29
108798174142076 70 109963336828243 70 148413415541201 29 104792686768889 29 148119644336375 70 139342605919693 29 121489823338362 29 48021192352257 29 85851903001548 29 93910607638355 29 89047364384090 70 124859676566251 29 88309819784638 29 160229789032370 29 101434481923973 70 136929903961279 70 110240227539814 70 135653027609372 70
3 90
4044236895347881 21 4053952166661310 21 4006305534814223 47
141204332723643 21 108732314682541 23 161664169123616 23 150880081941829 22 78731318118542 21 116125147708720 86 104428511212488 22 173144213509153 86 93301221198252 86 169305814428566 86 172783209204495 86 126413700067381 22 110048812671855 21 166355926426741 23 75643430947368 86 142236773801996 22 181951554014973 86 144759704137712 23 109036959400840 21 126286831792613 22 99686669926604 21 127304605334412 86 133535868295059 86 138055497493475 23 136956510847208 86 102499011860699 86 160479168409421 21 61171016958973 86 179451625971769 86 94733012142928 86 121840835381691 21 142478596083384 47 107070303078736 86 104012179384851 47 129252389321592 23 145872765290573 86 111347698348048 21 126067138812449 21 145346318247457 47 151302181834237 22 120621930169959 47 83822873727656 86 155381377943193 47 98126120666983 21 68876610023168 22 129796706015528 23 148529388330336 86 116463983239329 22 140774286179207 86 106086670656485 86 207152341664620 86 133964202804560 47 128854788557025 47 168159734132492 86 122939713818600 86 97861576831311 86 176914628907852 86 130628940100861 86 59805329758856 22 158527264010847 47 120328813743061 21 148600117028298 86 106920217874897 23 144495274312186 86 127273762244764 23 121070424374852 86 153151832569246 47 107402647516541 47 194968877800253 23 151428365832414 23 171565492239588 22 137029860760398 21 138946327489875 23 215867108027648 86 123941995330821 21 127262290911255 21 91551248205686 22 114457906618414 21 180680552416002 21 67495320496319 22 169990684224993 86 92307673608873 21 92213569217109 21 128452739834950 22 140430376992644 86 122428516370433 47 160006804528392 47 83810618383522 21 165425798667838 86 142617625546850 86
3 3
280757896249223 80 185653119737245 68 199510038998712 25
210033811817710 43 198442948935784 59 269835039975971 33
3 80
7485953602539491 30 7485365730395850 43 7485337418352919 30
284992557908447 30 282192506260285 30 282904974347828 30 281638599775564 30 283558275907712 30 285429615698640 30 280766890873232 30 281216875661297 30 289568404988307 30 281025268467336 30 278944394435902 30 286158262170038 30 278182476349634 30 277386278492775 30 276793068970192 30 285096260613870 30 279592599982002 30 278762138420699 30 281910921143446 30 281814302847379 30 280004305868684 30 281997819806062 30 280170259080503 30 280749372119449 30 279367445391862 30 287585875150984 30 281438968269444 30 273182365122689 30 281435449277145 30 285632177611826 30 272890115143680 30 275620001411121 30 278799338550260 30 285622142436179 30 280189451612150 30 280981280862720 30 283129786322926 30 284240641552405 30 276181704492829 30 275121081609197 30 267691535485756 30 286541078425374 30 275425342049945 30 278930394174247 30 277965426084942 30 281818381792796 30 281358225827580 30 280140100339906 30 279899285018379 30 281345168622796 30 280402117969986 30 285228287720813 30 273558981291555 30 281991706438891 30 284131438744523 30 288293416738716 30 272194213165274 30 277958764990422 30 278596098454661 30 282958839323301 30 284011638837251 30 279971819371341 30 283807365365663 30 275003563931202 30 287536343634803 30 283616283029558 30 277938718636904 30 282701503085576 30 277236001107946 30 282217572420015 43 285832976848242 30 282262746137177 30 286328550814065 30 284768190499820 30 277086925648438 30 281832822857205 30 279094166670329 30 275647737512828 30 281951225150550 30 278099219731515 30
3 82
2683502751521309 28 2715729117140694 71 2777944161896255 28
35345504933421 71 116949297729510 78 115657087593740 28 215784179628728 78 1 78 132713528612434 78 252178400762608 69 211599149352068 78 138873974508498 78 41198189723422 28 55751444457786 28 45017933874510 78 118702112163399 78 83792611999100 60 155418323905461 69 135861367212566 78 1 78 82181529082979 78 64452274012022 28 203994144965625 28 18029114310240 71 181036738670542 78 91402871020184 71 12633801871827 78 224170826703371 28 168583352677494 78 313881319124751 60 1253985297669 78 1 69 103500951845052 78 67407641143537 28 98715845385820 71 43039950074108 78 117973810699 28 73864240217957 71 53134486837430 60 129587282713140 71 28944238228022 78 200553967562500 69 31821014634132 78 30225708884104 69 59926790611583 78 121640076970000 28 57012993247490 78 1 60 123794640008126 78 63527909564947 28 79249134076312 28 42333415229796 78 158651046491763 69 82794402047171 69 233271305001941 78 23976594537968 28 158560095574688 60 2426217945510 78 91980621552437 78 110494641310328 60 95162140849207 28 194576565192282 71 167481561382070 78 126401217578619 28 221479163608688 78 68319819640469 78 63032946379331 71 1 69 1 69 40071489277771 78 18319047519277 78 22126418010575 71 79983655907071 71 89400018339902 28 73294016822617 78 105361317094253 28 136332317996993 60 366814927686 60 123529207938637 78 108044120601569 78 39485563372265 28 306380340691544 78 113968709440571 28 135887918377257 28 61941992673298 28
3 96
311893865689973 43 321479928992398 35 319046737226241 62
28404770157963 67 18909932207785 44 22480739833850 5 17261217542053 64 15676236154765 59 14313632483099 68 16497554490162 79 5236288818155 20 3878274391684 92 2284494454539 72 6465017741667 43 1 45 14258889584023 56 5238834580881 52 27162695944108 14 4386944150798 62 15007396070731 55 12193864932557 77 8909305283010 35 15839582189389 18 1 24 8337812202652 26 15110821191505 1 14606406115554 96 20987094038993 16 29324046196765 58 15423818964558 80 6717468090722 15 9240492180860 54 6714283305066 4 1 19 20333197624985 73 6930357596573 23 8428028550979 22 7949998603126 66 971072761113 71 6757017879808 12 9167025564304 92 15081424021109 67 20173856587773 96 14017347463784 35 17522970210218 44 1 24 3465542517475 72 1 66 15293373094176 26 11914833088465 22 2965605483994 54 11780019768584 18 1 15 17053109764165 73 9922155238852 55 7340013326807 59 6995125033239 64 7409778250650 77 8782753475885 68 17536732504626 62 14558410655180 71 14952223883045 1 3414025941792 5 13609449815297 20 20457568539869 45 12009061450401 52 7065229631008 23 1 16 7864479671573 58 1 43 13014983753515 79 18939644455194 4 1 56 5454879746910 14 1 80 18855182520786 12 11975219361633 19 1 18 17040439468825 43 19386302960884 66 1 35 14127769964029 59 8916277275597 58 2947960764353 67 2295046277507 77 10939842546138 4 11943598380529 1 12182301053443 71 954467139495 15 17217266259066 80 1 45 22620360392030 64 12953464565081 73 1 23 25776566015860 55 12353564039983 54 2243491886281 5 7930231492621 12 21161709720132 19
3 75
6200783922480555 72 6225701926270672 60 6210502388722627 72
244060077527036 72 251654531339690 60 246606951826558 60 240855127444181 72 233953905314686 72 256800838484259 72 247051818557541 72 235106963152024 60 244254562211169 60 256539291574373 72 255855333120943 60 257922947449305 72 237310082664218 72 229635278317988 60 254520611498463 60 254354635162861 72 221961992032178 72 234716983100714 72 254725902799712 72 247064097481685 72 238139921254464 72 235372029037499 60 250857482403316 72 247689569531667 72 249304537418034 72 251953681352642 60 255643697381652 72 249925374790133 60 242856312079558 72 243334962349406 72 245079498233308 72 257984158142321 60 231680847547831 60 264895637616078 72 237715798485477 72 251265100343868 72 238470303134242 72 254741930483461 72 247958594334661 72 226437059704894 72 236603859936447 72 258777427433331 72 233338086729849 60 255293575344827 72 232659203692807 72 257957713096890 60 226984571266981 72 238765002669265 72 247425295199439 60 227573979610791 72 239337756336640 60 251929532883964 60 256764139155395 72 240519781152266 72 245056427404044 72 253191273835167 72 264921861966453 72 265362232950754 72 246368124798002 72 248636794542150 72 237616869793781 60 241859159925803 60 235699796950225 72 240506153634435 60 250720849413140 72 248947313605125 60 259496365278523 72 251308186582430 72 237872816210051 60 248418767807216 72 246106777196025 72 239033767063701 60 259413615411584 60 243937427376217 72 246544805327928 60
3 6
480478313909561 85 440455552122315 53 500122287589900 53
162627374337396 53 246372435175199 80 260696873876592 74 268756450657373 12 261922863143800 53 317554223502841 53
