100
1
19
23
12
10011
101000
1000000
16384
999989
101001
200
16
21
999991
990001
10111
77
91
999990
900001
99001
989999
123456
2100
102
2000
110
901
900000
10
11010
11000
11111
32
29
10010
1101
10100
210987
12001
201
19
10001
7
1111
64
90
11110
999901
20
1000
31
10101
999
899999
100000
9999
101
12000
11101
2200
9
543210
11
999000
11001
998999
99
234567
1110
10999
99000
1998
999899
11100
678901
111
1099
8
2002
10110
11011
22
999001
900
199
999998
2201
10000
1001
999999
999900
2001
30
100001
100
1100
1999
990000
2101
