100
1 15 6
4 4 1
16 1 0
3 5 8
2 4 8
4 4 9
1 16 16
16 1 16
1 9 6
5 2 7
2 5 10
3 4 8
1 7 2
2 4 7
15 1 7
3 4 12
15 1 0
4 4 7
2 2 3
3 5 11
3 5 5
5 2 3
3 3 6
8 2 4
2 7 9
15 1 15
5 3 14
4 4 0
5 3 3
1 15 7
8 2 13
5 3 8
1 15 0
2 8 14
2 7 10
2 7 14
2 7 8
3 5 15
8 2 5
5 2 10
6 2 12
7 2 1
3 5 9
5 3 4
4 4 8
16 1 9
15 1 1
1 1 1
2 2 2
1 16 0
5 3 0
3 5 14
5 3 12
5 3 2
1 13 10
16 1 7
3 5 10
5 3 6
4 4 16
5 3 11
3 5 7
5 3 9
2 6 12
1 16 12
1 16 9
4 3 12
5 3 7
15 1 6
2 6 5
5 3 15
16 1 1
16 1 8
1 15 8
9 1 6
1 16 1
1 16 8
15 1 8
3 5 0
1 15 15
2 2 1
1 16 7
2 5 5
4 3 9
3 5 3
1 15 1
5 3 5
2 2 0
3 5 6
3 5 2
1 1 0
5 3 10
3 5 1
3 5 12
3 5 4
5 3 1
8 2 12
3 5 13
3 4 1
2 6 0
5 3 13
