100
4 3
4 5 6 4
4 2
4 5 6 4
3 3
1 1 1
100 3
34 22 73 79 77 97 11 34 21 37 43 77 7 22 67 11 85 61 19 73 7 39 79 50 68 34 85 47 37 71 52 58 2 60 23 70 16 26 88 42 97 79 52 26 65 16 57 45 4 73 94 70 46 85 76 9 56 61 89 36 44 14 85 16 49 28 64 61 10 10 81 25 64 88 96 61 16 52 8 30 85 61 3 68 25 89 88 76 5 43 32 19 16 55 94 59 31 61 52 58
100 3
5 62 39 2 50 93 74 47 83 18 1 85 80 10 65 49 34 55 5 26 64 65 33 71 4 29 32 86 68 82 29 58 62 49 98 35 31 76 8 74 2 8 72 88 32 59 80 11 46 29 2 83 91 32 77 92 57 35 80 6 2 38 94 92 45 49 29 92 59 35 41 59 74 44 20 77 29 50 59 23 71 95 47 74 32 38 8 17 23 62 83 27 60 58 15 30 88 70 38 10
100 3
98 97 41 40 7 49 19 37 40 48 80 85 61 73 73 25 16 34 65 34 71 71 64 35 55 35 14 32 89 79 49 86 35 26 46 74 58 76 58 16 76 62 13 23 28 89 62 10 30 76 37 23 76 65 33 76 29 46 10 41 66 62 42 65 25 40 31 89 27 81 64 26 11 20 77 13 85 70 40 52 42 22 78 55 28 97 85 74 67 73 35 26 78 50 32 19 31 10 86 44
100 3
61 41 53 88 7 63 93 17 45 5 41 40 56 17 26 95 92 41 28 47 8 53 62 71 40 44 92 71 55 47 77 73 13 87 20 67 14 30 95 32 12 32 19 94 73 11 53 30 80 40 87 70 62 18 32 94 68 68 38 83 97 62 23 95 90 60 37 78 16 68 98 67 49 77 43 68 62 72 47 20 56 90 86 15 23 64 18 65 20 23 68 28 26 92 17 32 74 28 29 77
100 3
44 59 89 14 5 68 83 1 16 54 50 29 94 14 38 62 29 29 74 65 32 11 98 88 24 5 80 56 11 89 43 1 31 59 59 74 80 43 11 62 7 95 80 62 95 83 7 73 77 30 80 88 96 94 23 53 43 31 50 31 26 43 80 86 74 88 50 86 64 41 29 5 41 25 30 7 98 34 7 80 89 38 16 97 77 27 91 85 49 83 46 29 68 53 35 13 50 91 77 2
100 3
53 73 16 22 89 94 73 10 98 10 65 58 97 11 52 73 50 14 10 51 55 95 9 10 46 28 70 28 44 5 75 61 88 71 26 25 34 81 79 52 62 5 82 31 88 27 17 28 50 38 22 72 9 82 71 26 52 49 52 76 92 64 49 47 26 84 10 88 42 97 94 6 52 68 67 91 49 34 10 93 34 47 64 67 1 59 74 69 20 30 97 94 58 34 61 71 10 88 97 91
100 3
29 74 88 98 26 55 20 7 62 14 65 67 17 23 17 5 80 6 41 12 4 71 95 20 29 38 40 17 40 98 94 41 93 50 40 44 5 98 49 7 58 92 17 98 29 86 86 29 77 64 97 8 3 74 50 47 7 29 52 71 71 56 2 11 59 19 23 80 89 59 16 5 31 33 23 78 97 11 10 68 56 71 31 94 52 10 38 76 37 2 56 22 2 75 5 29 70 29 59 88
100 3
52 31 37 32 5 62 13 5 43 20 32 55 24 17 33 61 19 43 6 89 70 25 86 2 59 31 74 49 49 46 74 64 55 12 96 4 40 46 55 4 85 19 82 31 16 94 59 31 22 65 55 13 25 13 78 55 76 49 43 55 80 46 95 76 49 49 40 4 88 10 97 43 79 31 91 68 20 37 26 46 31 48 93 46 12 94 19 31 61 34 84 7 64 72 43 70 56 32 37 62
100 3
37 31 46 23 94 2 4 5 79 22 25 73 77 39 50 27 88 82 2 43 13 76 70 46 53 19 26 38 79 34 1 79 39 57 29 56 54 73 85 11 7 94 71 60 77 1 33 5 28 74 22 58 61 72 58 37 10 4 69 55 65 64 61 4 41 89 47 82 48 66 32 33 38 81 94 70 62 77 25 55 37 5 34 49 40 43 79 13 83 16 80 85 27 7 83 1 85 38 56 59
100 3
43 29 74 88 74 19 78 73 20 52 13 74 59 50 65 52 31 61 67 22 56 19 80 17 55 88 64 73 49 25 11 33 37 34 60 11 5 83 16 79 67 43 46 19 94 44 61 51 85 34 62 67 35 79 82 91 7 70 52 32 5 46 22 43 25 34 6 85 16 78 41 20 48 37 68 85 94 62 19 13 49 27 46 1 55 44 55 71 67 46 13 26 34 79 37 25 88 79 29 59
24 3
6 82 5 80 91 4 26 9 85 55 88 46 15 69 12 37 2 70 1 10 91 76 55 8
100 3
55 76 43 25 76 84 86 13 66 44 85 15 17 2 97 14 50 59 47 64 76 53 17 14 53 41 91 86 1 73 25 92 41 32 35 38 27 2 13 83 91 68 57 37 82 45 32 35 71 11 35 36 38 44 73 25 11 80 88 23 98 71 26 35 61 71 50 89 49 5 70 35 53 29 94 50 10 2 22 82 7 62 86 19 20 94 68 2 3 37 41 8 31 26 39 31 29 20 35 32
100 3
97 11 2 80 2 43 43 83 44 2 49 6 92 80 35 76 30 22 24 53 85 77 25 58 97 1 14 29 62 87 86 79 13 58 95 88 68 11 83 26 9 62 50 58 80 77 29 74 89 79 2 77 88 37 20 8 98 16 86 79 5 35 11 53 32 77 77 40 35 44 20 29 98 58 45 76 68 41 4 31 8 13 27 70 8 71 2 20 18 29 74 47 1 34 30 82 7 83 92 44
100 3
76 58 31 86 35 70 22 55 7 90 16 90 79 69 68 81 64 14 58 83 1 74 43 82 68 50 97 43 70 70 22 76 54 3 94 53 20 88 58 43 76 8 91 85 13 7 12 93 7 47 28 1 11 76 21 38 55 32 90 89 29 4 90 10 94 38 62 67 51 18 76 49 59 4 96 95 52 91 65 45 68 31 20 83 95 85 55 26 31 82 76 16 68 7 88 31 23 22 43 79
18 2
80 91 89 75 7 94 21 32 98 37 42 71 74 69 80 80 18 18
100 3
68 43 69 94 79 29 91 71 28 95 52 89 71 59 13 4 2 34 38 91 58 35 41 89 14 29 23 8 2 74 82 55 68 25 1 19 92 80 62 23 10 41 59 74 44 24 11 92 72 56 86 73 13 31 68 86 32 8 26 97 80 92 13 44 44 59 5 13 36 27 25 86 18 88 98 92 53 79 94 50 13 2 82 83 46 28 37 7 37 83 77 83 53 71 50 38 54 65 59 11
100 3
96 51 10 27 57 94 7 12 55 82 36 37 82 24 7 92 19 79 92 77 64 7 76 32 43 59 51 70 73 25 85 52 49 85 34 82 40 41 10 37 7 62 82 53 49 13 29 68 41 94 40 1 16 87 41 26 35 40 96 10 28 19 48 95 66 14 8 93 7 73 16 64 40 10 61 52 64 70 79 68 52 90 2 27 45 41 94 81 34 26 10 55 73 64 38 4 2 98 36 36
100 3
67 56 13 43 97 16 7 33 22 89 61 88 13 37 82 94 58 28 1 94 43 86 19 46 1 88 92 51 35 94 79 74 19 55 66 38 88 46 31 58 40 89 16 10 2 28 20 29 29 21 94 46 64 82 50 34 64 82 76 16 77 14 59 89 62 35 30 12 13 82 16 47 10 31 56 95 48 50 31 13 52 41 4 91 38 19 10 74 74 76 55 62 74 25 89 1 7 77 5 63
100 3
64 16 22 70 64 74 97 17 64 38 21 40 88 61 9 70 76 79 77 58 96 94 41 73 28 17 7 53 31 4 7 37 39 88 74 82 23 94 79 70 89 62 95 2 62 61 65 29 37 19 19 25 82 20 20 37 68 7 39 52 3 64 74 83 86 79 1 73 35 70 14 94 13 52 83 13 2 25 94 41 22 34 88 79 35 12 97 40 56 5 1 13 4 97 43 41 40 85 87 16
100 3
10 70 88 44 39 43 85 59 65 46 70 61 29 68 34 82 2 11 37 37 69 85 31 55 48 21 7 25 16 85 82 33 16 78 69 16 14 4 20 70 90 61 6 34 7 7 71 98 53 68 83 16 76 59 85 82 16 64 67 24 25 79 45 76 52 16 17 73 67 86 88 59 61 22 68 93 40 34 73 39 82 67 92 58 31 62 40 58 20 10 19 46 33 4 55 23 28 61 64 70
100 3
88 58 43 58 79 14 46 38 31 93 58 76 82 52 75 40 26 16 16 52 53 31 37 91 43 4 98 8 70 25 7 67 14 91 50 23 94 55 18 88 7 4 65 25 82 56 88 13 58 6 61 19 46 28 33 47 24 10 34 5 37 43 47 19 67 91 70 55 67 85 81 85 90 14 58 73 58 66 4 14 25 25 18 74 61 67 76 43 43 49 35 78 97 26 16 29 55 37 53 60
100 3
8 53 56 59 50 94 14 74 98 38 19 20 20 44 14 84 4 29 86 98 74 5 20 16 97 34 53 63 67 23 82 38 41 26 89 14 43 74 67 7 61 95 68 77 67 18 29 92 58 83 23 77 35 26 71 56 58 17 28 43 25 53 50 62 93 65 62 3 44 65 44 26 34 44 95 44 53 86 53 32 46 50 74 80 46 92 44 77 92 52 84 70 14 14 32 87 77 71 30 66
2 3
80 98
100 3
38 67 58 88 17 39 1 26 62 70 22 39 21 91 85 10 62 46 52 98 64 71 61 66 16 74 86 34 19 1 13 16 88 43 10 68 61 4 49 47 94 12 31 92 2 29 80 10 33 97 68 94 67 74 22 82 88 97 28 2 57 30 28 19 79 74 55 29 4 1 80 70 27 88 19 16 43 13 44 13 42 32 94 22 94 49 53 1 58 37 31 38 76 1 82 44 13 91 88 28
100 3
14 6 26 34 16 44 79 40 22 34 55 73 13 35 6 1 31 82 71 19 44 72 85 35 85 65 76 22 16 94 76 37 14 2 74 82 84 73 19 50 58 79 49 40 32 20 73 91 57 56 46 58 40 31 10 4 4 31 4 4 14 64 31 34 25 70 55 16 40 97 22 92 73 37 10 17 80 67 10 58 31 23 67 85 62 86 39 1 70 41 58 34 4 4 94 87 91 66 91 50
20 3
79 44 22 44 7 55 45 63 34 18 29 4 72 88 1 35 80 77 80 36
100 3
16 39 69 17 82 67 44 85 13 30 68 14 94 61 76 44 10 59 94 57 69 14 53 26 46 66 56 55 71 53 46 27 67 95 96 61 67 3 68 64 52 97 7 17 85 28 58 64 14 5 92 78 37 79 61 80 49 66 2 37 83 73 87 74 70 4 90 18 70 10 51 34 83 58 13 76 44 76 31 61 28 46 76 25 22 94 76 55 22 22 2 15 49 38 40 26 59 82 91 85
100 3
86 43 41 8 44 1 74 17 2 68 79 71 71 58 8 29 29 24 50 74 37 32 33 50 89 89 70 28 38 44 20 74 89 53 89 62 1 85 95 14 6 55 32 68 18 44 14 69 36 63 1 95 80 89 44 94 17 51 74 83 86 89 19 14 65 5 16 95 89 19 32 4 50 71 84 63 43 86 32 56 92 4 86 98 50 37 51 61 16 83 44 22 50 2 17 77 7 1 30 62
100 3
1 35 62 24 25 61 34 34 35 75 5 23 65 2 16 2 17 68 83 14 92 82 83 53 83 62 92 22 89 97 85 25 8 46 98 49 56 79 20 74 17 32 10 74 90 97 40 36 48 41 50 89 80 77 26 25 20 62 30 68 38 26 20 20 18 17 89 62 92 84 50 61 84 64 98 13 68 34 82 86 44 87 7 83 2 11 56 38 70 20 34 22 92 31 59 23 59 5 78 89
1 3
81
100 3
43 18 20 67 92 68 70 49 35 50 67 24 59 53 44 11 26 38 61 71 58 71 37 20 21 20 95 71 33 70 73 20 38 63 14 8 91 29 85 78 84 11 85 67 10 82 5 85 32 80 98 35 47 35 35 15 41 29 35 32 2 47 71 87 47 61 26 54 89 32 81 77 58 2 89 98 9 28 32 62 14 57 65 94 82 23 98 23 23 85 94 72 47 84 58 29 53 11 14 53
100 3
86 65 54 47 18 39 67 68 93 79 40 18 94 41 82 58 22 13 40 82 76 85 26 8 92 7 69 67 76 19 78 31 53 50 72 50 53 61 31 39 4 80 14 8 24 56 81 37 22 27 51 15 77 72 54 55 76 62 95 41 43 28 96 76 51 23 88 65 12 53 45 36 71 69 59 2 46 86 66 25 44 39 57 86 53 42 78 39 86 59 30 62 7 10 16 50 21 60 6 21
100 3
40 17 28 97 97 85 88 91 31 8 82 65 13 52 46 22 77 2 52 10 1 52 40 3 48 10 71 89 79 85 50 76 40 49 10 52 70 17 25 83 26 4 83 31 94 22 43 88 98 85 14 52 49 11 34 91 36 37 97 29 33 21 52 77 52 19 91 92 37 13 7 19 7 49 38 98 73 89 39 43 55 61 16 45 59 52 70 95 79 1 4 14 40 8 88 25 51 70 9 49
100 3
58 35 46 14 40 1 66 78 19 50 52 1 76 89 76 97 83 37 1 37 7 34 76 38 22 71 4 43 76 7 24 69 59 68 40 4 91 97 55 75 97 76 78 59 17 38 23 10 59 80 10 31 26 1 50 32 57 76 41 58 31 73 67 40 95 32 80 88 97 55 98 17 49 33 4 66 58 95 91 70 94 16 3 4 55 88 97 20 76 17 83 10 53 43 48 46 95 94 78 7
22 3
31 4 88 64 35 73 67 44 58 89 23 94 60 17 55 28 67 67 29 8 19 10
100 3
35 58 67 10 10 82 67 46 27 13 52 73 92 58 55 84 46 66 67 31 16 52 10 73 47 37 61 23 80 94 10 34 64 34 93 49 26 27 56 67 70 67 70 95 70 73 38 6 97 25 60 52 71 92 79 76 6 79 65 41 19 67 29 56 70 70 28 7 13 19 64 91 94 82 13 61 19 12 19 57 25 7 15 17 73 64 82 63 61 91 96 93 21 97 31 27 54 11 1 88
100 3
49 64 20 18 91 58 49 2 53 76 17 19 3 14 34 58 40 82 3 2 46 89 7 58 74 55 31 94 37 23 17 7 3 81 64 83 94 80 17 92 98 83 41 42 79 46 32 98 83 14 65 80 73 13 34 38 68 28 46 12 38 53 61 8 74 70 44 23 10 95 73 53 29 77 21 84 26 86 26 13 98 5 80 41 63 20 71 8 53 26 20 53 34 89 97 62 32 20 50 98
1 2
68
1 3
55
100 3
20 23 70 65 56 52 83 35 98 98 93 92 17 10 43 46 56 53 95 61 74 17 29 44 71 44 65 62 78 49 56 60 65 95 65 80 88 67 8 62 4 14 82 10 40 10 3 34 53 78 4 22 89 41 44 77 77 6 26 39 71 55 16 98 87 38 75 96 97 86 86 63 30 89 77 38 62 32 23 54 67 14 11 27 22 21 67 79 5 17 73 68 56 58 44 50 58 58 94 92
100 3
43 43 65 2 32 11 73 85 56 74 67 93 57 2 61 23 68 98 14 56 80 77 36 29 7 11 5 89 77 18 25 14 11 17 85 88 52 71 90 50 14 38 59 83 71 5 86 77 25 50 8 47 86 16 62 74 62 86 38 67 29 84 41 82 29 17 17 81 77 2 49 35 79 92 83 5 98 86 47 61 74 53 18 88 26 64 23 67 51 98 74 29 5 49 50 8 35 30 57 80
100 3
64 56 32 76 7 64 38 94 19 60 98 15 16 8 70 61 20 85 13 46 73 22 88 10 43 16 49 26 67 94 14 22 22 10 68 52 52 70 4 28 88 88 22 91 98 31 1 61 61 37 3 25 22 73 94 37 50 86 94 34 92 10 28 41 46 19 28 67 37 91 52 64 16 55 77 86 1 58 2 87 21 79 34 91 1 58 52 55 70 7 41 23 37 52 41 41 82 17 86 16
100 2
52 97 29 10 35 6 84 34 65 93 86 43 31 84 74 55 69 86 68 98 27 32 4 72 24 67 29 78 49 21 35 97 82 19 37 70 6 4 38 88 51 55 89 79 3 25 47 61 17 8 71 32 61 9 37 17 6 6 70 68 63 7 8 29 36 2 38 45 28 42 69 18 68 53 49 50 38 83 42 81 18 30 69 43 45 26 50 45 92 43 62 36 29 91 72 29 16 43 38 94
3 3
26 80 26
100 3
32 89 97 77 68 35 83 34 55 34 89 38 98 89 74 49 4 95 34 36 40 17 77 72 98 68 19 96 14 79 62 62 37 68 37 38 95 39 53 82 23 41 46 62 55 89 49 8 74 47 95 88 19 56 79 77 86 68 23 59 40 3 8 17 28 62 74 59 31 92 68 62 14 65 55 20 43 4 69 38 92 2 2 97 25 93 1 32 17 17 17 77 80 71 63 74 2 78 65 11
2 2
35 13
2 3
61 28
100 3
77 56 67 14 83 80 91 75 65 65 74 50 7 71 96 71 11 68 80 26 82 26 83 93 86 62 74 36 33 7 44 26 11 76 95 71 87 26 40 89 95 47 73 95 15 67 25 68 52 44 79 14 8 29 17 20 65 59 59 50 35 75 88 83 43 56 34 59 37 41 98 1 20 97 91 54 9 10 44 41 44 22 10 26 5 54 98 29 68 16 74 59 95 14 16 56 29 16 92 17
18 3
67 58 88 40 34 33 83 92 20 77 52 68 38 40 92 88 70 28
100 3
59 29 92 8 55 8 96 55 2 94 89 48 38 89 41 14 56 21 76 83 80 48 71 61 47 38 56 73 86 50 65 10 5 53 76 20 55 77 14 17 22 40 64 38 79 71 58 37 74 95 26 2 50 39 74 25 32 62 44 40 95 32 32 86 29 71 44 91 59 64 5 68 91 92 89 35 28 17 76 65 16 41 71 26 56 56 62 35 50 55 10 46 14 37 59 97 14 80 8 98
100 3
40 75 5 2 44 9 38 95 7 83 17 64 14 84 97 77 98 46 2 2 75 29 41 78 80 56 6 83 95 29 71 2 64 77 23 92 86 14 77 11 4 92 11 71 68 43 35 3 62 53 41 52 38 67 11 83 22 13 25 11 24 74 5 92 82 98 26 5 1 2 58 11 56 13 52 16 41 10 59 79 40 11 58 4 59 47 48 17 74 38 73 44 22 24 24 38 59 61 14 41
100 3
25 82 35 11 43 23 11 16 85 46 37 46 47 72 12 40 67 50 89 46 91 41 33 87 71 23 8 7 58 50 73 10 46 65 21 89 52 40 91 61 16 80 43 47 89 57 10 54 40 40 17 53 10 4 76 38 46 35 1 82 76 91 58 51 17 59 49 94 94 97 55 84 54 64 49 80 86 40 1 37 73 85 4 44 79 61 82 23 47 47 34 55 34 80 7 41 46 89 45 16
100 3
52 31 82 92 63 37 25 10 37 31 41 86 68 97 64 70 64 23 43 28 28 18 61 71 94 2 83 32 86 37 33 62 28 49 2 26 10 89 4 80 57 73 97 43 89 94 78 98 79 46 94 15 40 25 55 26 63 25 97 97 7 91 88 83 25 25 58 61 88 73 88 58 49 82 4 70 10 55 40 35 49 38 88 49 13 34 13 87 45 73 43 10 91 10 94 4 52 8 3 94
100 3
3 43 67 61 17 92 92 31 40 65 88 56 41 50 83 17 26 16 44 40 34 77 35 55 35 17 8 86 26 74 17 53 77 80 9 69 44 26 53 37 11 92 17 95 41 23 36 23 89 52 86 14 16 54 13 40 17 89 14 53 29 65 48 11 53 40 17 52 89 50 68 58 65 65 89 80 56 76 60 3 17 54 46 26 65 95 59 68 56 32 14 41 56 32 14 41 53 85 93 12
100 3
25 9 59 98 93 79 57 71 59 12 32 56 80 76 66 57 35 77 56 68 79 83 2 46 60 19 16 67 9 46 77 53 65 47 14 32 14 59 26 93 2 83 87 97 2 11 10 14 14 11 19 2 86 65 98 92 58 95 20 53 17 44 77 20 62 41 83 65 43 61 98 19 13 89 62 79 98 32 34 20 79 49 83 8 74 12 88 73 11 56 6 91 97 79 65 11 89 70 64 74
100 3
56 22 28 86 15 80 5 5 17 91 11 78 19 80 38 68 20 10 93 4 71 89 68 27 86 68 35 14 86 14 59 32 29 31 14 47 54 46 16 19 85 6 18 15 70 80 65 41 62 10 86 32 65 62 59 20 49 43 38 71 44 8 53 13 68 97 1 93 94 49 8 5 23 23 26 78 64 8 96 50 61 16 61 98 22 5 59 47 68 86 17 38 86 11 59 68 68 67 17 78
100 3
64 28 28 91 95 91 68 35 8 35 74 7 13 14 65 53 89 62 77 8 31 46 85 16 28 52 41 89 22 16 32 83 97 13 53 1 1 23 71 20 37 58 98 86 23 34 76 2 8 52 52 79 71 14 44 20 50 91 13 46 8 61 82 68 29 37 14 17 23 85 28 11 10 62 55 49 29 16 49 7 86 4 1 97 32 20 91 5 46 71 59 76 79 79 58 1 38 41 98 26
1 3
11
100 3
19 80 44 68 14 80 92 77 26 2 29 19 8 50 94 62 43 65 25 14 26 59 8 29 77 37 47 73 26 80 50 43 14 83 8 86 38 44 97 8 85 38 5 23 65 59 71 50 68 41 18 53 73 47 70 86 50 35 68 26 43 22 92 71 49 46 50 19 17 69 69 70 58 71 26 11 89 71 14 74 41 89 85 63 41 85 69 59 66 94 98 74 44 97 55 71 17 61 8 66
100 3
2 70 76 67 82 15 73 98 34 31 56 95 90 23 77 68 65 71 40 4 37 80 35 16 67 7 17 92 70 32 10 17 49 29 13 28 46 62 94 37 85 13 22 67 29 58 46 70 32 94 61 52 58 50 67 97 87 49 33 20 22 93 20 70 67 74 89 40 28 78 35 49 25 79 34 61 59 52 28 74 3 65 58 68 71 27 97 11 7 5 65 82 70 15 48 87 55 22 31 34
100 3
40 14 1 48 8 35 38 17 65 89 47 86 4 41 91 31 35 31 74 67 45 33 19 74 94 11 47 44 94 45 65 76 56 94 51 53 44 20 41 37 71 49 63 95 42 89 50 71 41 81 43 47 84 89 22 20 35 59 32 5 37 50 85 32 71 81 4 89 26 65 65 90 71 74 2 92 50 88 24 80 59 38 59 34 2 73 41 29 89 5 92 35 86 26 26 3 97 64 46 20
11 3
2 20 64 58 41 32 55 16 25 89 84
100 3
48 76 86 16 61 20 44 68 63 8 14 75 19 34 8 35 71 14 65 97 35 33 44 31 14 95 89 32 32 74 68 55 25 60 75 12 7 26 59 50 73 98 92 92 31 15 26 92 28 77 84 12 68 5 78 41 2 46 41 74 14 95 85 44 17 37 98 17 62 34 52 59 11 28 8 74 83 60 98 91 31 23 91 58 73 7 37 49 56 47 54 86 65 2 79 95 31 92 84 47
17 3
44 11 86 32 52 58 20 82 28 61 20 16 34 65 5 14 31
100 3
47 54 65 39 62 52 19 94 88 47 23 64 91 46 33 20 80 27 50 5 14 43 70 6 37 64 64 61 89 41 4 15 14 56 68 12 97 55 62 97 33 43 79 28 75 36 84 43 46 79 61 2 88 22 56 98 11 34 46 37 49 11 16 22 43 6 73 46 55 74 40 94 74 70 14 76 29 73 35 69 84 77 55 61 2 79 95 62 73 14 50 91 82 38 37 1 28 40 73 72
12 3
35 23 8 37 20 94 37 28 13 53 64 65
23 3
56 44 32 38 41 73 50 31 32 67 20 68 59 89 61 10 50 32 11 76 71 88 11
24 3
26 98 8 54 64 87 17 88 3 11 31 44 29 63 71 77 98 92 4 95 78 97 65 10
100 3
43 95 59 5 47 92 41 89 5 93 20 5 74 61 45 32 86 60 74 68 72 44 53 92 58 19 92 47 44 14 37 5 67 89 29 44 35 25 67 82 50 70 86 44 92 51 17 58 79 15 59 69 19 79 13 39 83 92 1 97 17 29 19 77 5 33 35 56 54 89 58 28 19 53 26 61 45 35 6 1 77 97 37 17 17 5 17 83 56 77 8 3 41 35 21 88 71 17 50 95
20 3
1 11 64 73 5 79 1 37 67 13 44 52 88 91 25 4 79 25 8 29
100 3
80 30 22 54 88 79 76 68 45 37 49 62 85 82 84 45 32 48 27 4 89 91 91 13 67 33 46 49 4 69 51 37 34 92 29 82 41 64 13 34 88 55 19 76 42 24 65 43 46 4 28 89 34 35 13 86 65 91 43 95 75 7 91 67 44 55 85 7 1 4 38 86 64 40 52 10 88 89 22 71 31 98 40 56 19 32 91 34 42 61 7 26 46 97 39 50 64 90 13 70
100 3
46 46 82 29 55 71 92 11 52 53 65 57 86 92 93 29 49 61 2 30 92 29 41 8 23 20 80 89 14 92 10 20 82 74 2 56 55 17 7 79 35 8 62 76 25 32 54 35 71 68 49 68 52 1 83 59 21 79 86 56 71 71 86 85 21 11 44 47 74 50 97 62 41 2 66 88 78 38 4 56 11 95 44 13 90 29 50 46 31 26 65 84 43 11 14 74 42 77 59 38
100 3
80 11 65 59 14 14 20 32 26 59 97 70 46 56 28 67 49 22 89 38 89 22 85 71 11 62 17 51 53 8 47 28 8 90 14 70 60 65 70 98 76 25 91 68 73 71 11 77 83 92 44 44 65 92 86 56 35 47 53 65 98 41 32 97 41 80 38 50 64 10 73 89 26 59 61 77 32 97 98 17 62 73 53 38 85 80 5 68 53 29 96 65 47 27 75 25 25 92 19 47
100 3
55 62 37 80 52 89 14 97 7 18 17 5 58 74 79 38 80 5 51 35 97 15 65 95 65 90 76 75 88 74 8 47 72 22 8 91 29 44 32 5 65 62 92 32 87 20 17 70 34 43 68 94 38 71 63 37 51 35 57 98 50 25 59 13 71 2 59 20 29 35 95 32 50 77 91 26 12 62 38 98 53 86 47 71 45 74 10 54 79 97 29 14 79 59 86 45 36 86 8 41
100 3
94 40 52 7 49 84 64 82 71 4 65 92 49 32 51 5 46 79 81 89 82 31 52 49 77 70 46 31 1 28 93 43 94 37 70 98 10 44 83 38 70 95 53 44 28 16 83 94 45 89 97 73 58 82 71 43 58 53 10 19 74 2 11 70 89 64 1 23 34 46 83 1 76 79 11 81 56 65 23 73 79 35 74 46 75 86 61 71 33 64 88 2 90 70 22 1 70 3 5 4
100 3
34 49 4 77 40 88 46 19 37 69 40 35 43 28 16 43 25 37 73 50 38 21 55 87 26 67 11 64 94 13 56 47 50 22 73 74 31 49 98 63 46 22 35 98 38 72 76 10 17 11 75 88 55 58 1 5 70 73 61 26 16 13 97 79 12 37 70 77 89 27 88 97 10 51 2 82 1 53 97 61 80 91 14 92 70 43 65 90 55 59 84 77 56 79 64 31 34 1 11 65
100 3
34 28 20 98 79 55 43 22 95 38 94 43 74 65 5 62 26 4 8 4 31 14 32 68 55 20 38 2 24 26 20 72 17 41 77 11 2 75 10 11 25 77 43 12 70 83 88 74 59 69 88 44 35 28 59 85 7 69 62 20 68 67 98 41 13 68 5 68 92 37 83 73 14 68 83 77 64 38 40 34 84 77 60 8 17 41 30 98 95 89 11 52 92 22 94 71 15 66 90 89
100 3
28 69 17 5 59 80 11 85 26 14 56 29 49 2 75 59 8 38 64 80 25 82 61 4 59 21 53 96 38 44 1 89 17 95 5 50 47 41 16 62 67 62 8 46 11 20 41 68 62 51 77 71 8 76 38 45 25 7 41 92 88 4 35 41 59 65 56 88 11 41 37 32 82 59 17 41 77 68 49 50 74 57 41 7 65 83 2 41 97 11 83 35 43 65 68 65 54 89 95 47
100 3
37 79 98 13 11 5 59 19 28 94 45 74 35 25 75 86 82 28 77 25 58 31 12 28 34 98 42 77 28 68 88 50 4 82 14 94 85 13 7 61 98 32 47 56 79 91 65 7 92 2 52 22 88 38 80 14 52 86 13 59 59 87 11 31 34 10 19 67 64 22 54 97 25 11 37 26 73 70 67 79 55 43 50 6 20 11 1 97 31 47 5 35 88 49 1 66 4 31 57 91
20 2
61 14 34 33 96 83 15 61 77 39 8 50 4 34 9 56 26 13 28 2
100 3
41 39 32 95 35 67 15 52 17 76 53 58 59 80 8 88 92 49 6 50 72 31 26 56 26 52 41 29 92 69 49 20 47 38 56 92 48 11 91 58 50 23 67 50 4 32 59 53 62 50 85 34 86 81 92 28 58 95 53 88 38 86 80 59 68 80 89 25 35 75 32 66 23 50 29 84 49 20 14 58 92 83 28 50 68 35 85 86 91 87 67 20 68 83 59 81 50 30 89 87
100 3
53 4 31 19 16 91 35 85 43 23 28 40 25 97 68 7 49 13 62 28 22 13 61 28 76 23 90 12 37 11 91 79 7 46 22 34 19 85 76 5 82 36 33 33 53 61 29 45 62 73 91 91 70 43 73 25 52 35 20 73 86 25 76 92 5 19 25 15 87 91 85 92 73 19 32 43 16 52 4 44 34 67 13 10 43 69 16 58 85 61 59 43 66 79 1 79 37 91 40 22
100 3
41 75 2 13 22 80 10 46 65 70 94 40 92 79 25 63 97 2 28 81 67 52 61 13 22 7 26 1 52 10 88 38 64 9 49 43 46 88 7 82 76 35 22 64 61 1 76 94 61 19 18 19 9 27 11 88 1 39 31 46 86 10 29 43 78 56 52 96 38 28 72 34 57 35 29 70 76 58 70 33 97 67 91 10 42 68 20 88 93 11 92 7 96 4 89 61 81 37 97 48
100 3
7 17 14 17 50 18 81 95 83 41 86 32 47 53 30 61 5 89 35 25 75 19 83 38 91 41 32 47 92 60 31 88 24 2 32 74 5 10 17 32 82 3 18 83 26 94 18 59 59 77 7 83 34 26 92 2 47 77 54 62 53 6 62 56 29 55 53 31 86 42 19 61 98 41 92 29 18 75 6 17 62 95 98 92 44 12 89 98 53 50 97 32 22 62 35 59 62 51 1 27
100 3
76 22 49 79 46 46 65 34 37 46 17 65 86 57 43 98 44 79 4 3 37 23 95 91 56 5 40 82 68 54 7 9 66 83 29 49 72 73 23 83 22 61 76 79 10 49 46 50 38 60 38 88 89 5 74 67 76 32 79 88 12 83 11 46 40 86 49 36 82 49 91 90 73 4 73 13 52 52 67 49 82 52 10 70 76 91 94 54 43 7 1 40 55 5 26 34 13 88 28 31
100 3
15 44 76 56 30 59 10 64 14 25 64 61 37 12 64 96 55 80 68 48 22 46 40 97 13 49 57 40 4 20 97 79 22 95 64 97 97 55 33 63 85 43 5 89 1 91 46 94 22 37 84 47 4 64 82 49 52 97 38 10 79 89 35 25 97 55 76 40 41 65 28 84 95 67 18 63 37 31 43 52 40 37 54 86 16 76 94 14 16 30 82 1 52 73 10 23 41 72 31 12
100 3
79 44 62 22 35 88 23 4 64 7 53 40 58 89 19 52 70 14 62 2 14 71 80 65 32 95 90 41 43 29 4 31 38 10 4 26 41 9 35 50 18 8 49 62 74 50 73 4 71 68 77 14 60 38 16 19 89 21 11 9 46 32 68 73 74 38 41 47 82 64 24 14 19 63 71 65 2 24 26 74 32 95 70 59 32 35 53 16 74 4 29 30 65 8 38 59 47 68 9 32
100 3
56 76 40 94 55 86 79 34 92 59 94 61 74 70 7 10 76 70 88 22 98 79 51 34 53 7 5 92 2 87 79 28 63 33 10 64 20 47 79 70 49 85 34 67 26 67 27 13 71 91 23 62 73 58 37 76 28 94 46 97 40 74 16 55 70 25 71 59 25 10 26 86 19 24 49 46 80 41 59 65 7 6 40 40 37 28 98 98 61 39 47 41 7 12 15 5 72 53 60 57
100 3
44 4 83 8 41 80 3 50 16 70 75 97 53 65 7 29 20 15 50 16 65 47 35 88 68 50 8 92 35 95 53 24 86 72 68 89 8 42 19 23 85 63 83 3 91 19 51 53 64 73 33 23 38 55 86 7 64 81 77 8 38 41 20 73 95 81 16 92 56 14 17 59 3 43 52 38 93 84 7 62 16 53 83 75 50 17 92 58 29 62 44 29 92 84 12 53 32 37 69 71
100 3
40 1 37 7 73 15 35 14 97 4 82 19 67 8 37 73 14 82 52 43 93 23 53 37 74 92 4 97 7 14 82 95 13 97 58 61 62 97 41 91 21 25 55 43 47 23 2 4 22 33 30 2 98 37 88 13 79 43 23 26 70 22 4 44 44 43 13 97 84 67 35 49 58 73 64 80 28 86 39 86 70 37 59 31 22 17 83 8 1 26 75 67 64 86 48 72 55 58 46 88
100 3
71 56 71 62 16 35 53 10 13 29 74 8 2 63 11 44 43 80 47 77 29 16 67 71 86 20 16 47 20 79 92 50 59 84 41 20 4 64 54 58 17 10 29 23 65 62 49 20 59 9 88 71 20 61 67 62 43 37 59 86 2 38 59 59 31 76 38 31 77 50 58 68 86 26 75 77 22 71 77 73 13 4 74 39 4 91 31 89 46 11 58 26 50 52 1 50 54 61 19 11
1 2
47
16 3
25 71 49 68 9 87 17 34 31 22 86 65 23 95 91 43
100 3
88 19 53 41 89 83 97 11 68 85 56 81 39 65 8 89 41 61 96 88 77 11 14 86 54 32 49 2 25 8 2 80 19 98 77 2 77 14 68 41 86 50 18 97 39 35 95 73 59 54 89 19 68 30 86 74 65 58 59 59 86 5 92 40 17 17 38 95 49 35 41 56 22 64 32 46 6 63 59 67 23 29 26 30 74 34 18 59 28 7 95 80 77 44 50 23 9 14 36 48
14 3
79 53 23 83 88 82 16 50 47 71 46 45 10 56
100 3
19 40 59 34 49 82 22 44 89 94 79 37 11 28 82 41 56 31 65 29 59 79 8 2 91 11 92 80 86 73 62 23 16 49 68 17 11 13 4 4 50 5 22 34 34 28 92 58 20 19 43 67 86 68 23 1 79 32 67 20 88 43 38 11 86 17 5 70 86 55 47 65 80 71 56 44 47 70 43 16 91 70 79 2 23 26 10 97 68 55 92 29 23 61 86 95 5 68 17 92
100 3
53 26 17 38 36 59 92 64 25 63 65 25 53 8 68 90 2 31 13 2 44 68 84 22 22 89 73 40 11 43 95 56 24 89 80 29 8 77 94 59 97 13 56 8 32 4 89 43 78 95 43 44 20 98 20 21 52 64 71 89 84 89 50 39 17 50 38 68 20 32 84 7 56 91 3 35 46 16 70 38 47 3 96 86 20 94 67 59 26 62 68 98 32 28 26 92 35 52 47 50
