100
4 3
4 5 6 4
4 2
4 5 6 4
3 3
1 1 1
100 3
8 93 19 25 7 31 56 32 16 41 82 87 52 17 73 73 81 19 52 89 10 1 16 97 38 18 52 53 58 95 40 64 23 2 71 7 56 79 85 55 88 1 58 79 95 46 88 67 84 58 5 88 66 48 92 71 31 71 70 43 98 98 60 44 28 82 12 73 34 84 56 10 28 7 19 13 75 58 78 23 16 59 72 5 29 79 52 54 79 56 85 19 40 76 2 67 13 2 77 67
100 3
85 7 40 11 13 10 94 71 38 28 63 50 2 43 40 41 93 70 27 81 22 91 8 58 64 57 7 15 16 53 49 1 41 67 16 31 1 58 92 55 27 70 56 13 11 31 79 8 31 35 92 13 35 2 19 52 82 25 14 94 53 39 10 74 34 98 31 56 26 19 76 13 40 7 7 98 16 88 87 16 74 40 14 77 66 29 22 47 72 59 13 16 94 95 31 59 13 41 28 25
16 3
71 96 43 51 58 28 89 36 84 26 59 38 22 70 28 98
100 3
96 37 97 65 85 91 31 5 22 92 46 49 22 43 88 81 76 1 28 53 49 97 11 64 29 1 65 19 19 89 39 83 55 70 38 55 7 41 13 49 79 76 78 19 97 73 73 82 80 4 86 64 97 13 37 31 80 4 28 49 8 24 10 10 10 67 97 98 72 10 74 4 29 58 64 14 20 58 14 36 35 7 10 88 1 29 58 10 58 76 57 61 8 7 43 16 82 64 41 97
100 3
28 85 80 65 43 19 73 68 26 11 34 95 29 59 1 80 5 83 85 50 36 41 31 83 44 98 70 86 50 95 79 11 91 53 29 59 5 7 71 80 74 89 61 83 69 38 26 34 65 79 87 31 56 60 38 80 23 92 30 71 11 37 65 46 28 92 17 44 75 98 90 68 59 57 63 83 45 77 36 83 38 4 85 23 29 77 80 96 77 80 91 74 38 35 40 43 47 64 36 38
100 3
68 27 53 53 95 18 77 62 11 42 62 86 59 70 92 79 5 35 49 86 7 74 53 67 56 91 93 83 2 1 22 28 5 51 23 17 65 5 20 95 32 11 40 30 74 47 89 74 62 52 37 93 23 64 5 53 40 89 17 83 14 92 74 89 56 92 98 79 10 44 59 89 5 72 89 61 23 84 68 25 34 17 63 68 98 98 68 56 10 80 27 14 20 87 97 56 65 71 40 48
100 3
98 23 25 77 4 2 2 89 49 63 5 65 8 93 43 5 80 36 2 83 58 46 65 13 38 95 58 47 29 23 25 4 18 94 7 35 64 78 8 35 41 25 37 41 19 62 35 74 96 50 62 11 82 14 17 52 77 74 59 86 55 59 62 98 66 85 23 93 43 27 18 69 16 26 79 62 29 26 95 14 59 23 2 14 41 4 11 86 5 56 92 50 46 50 59 38 47 84 41 93
100 3
62 28 1 7 86 13 53 19 52 68 77 51 54 62 6 97 50 89 65 70 59 32 14 77 41 21 47 37 47 70 88 8 14 35 10 20 33 50 50 8 94 77 8 74 24 44 72 16 92 14 44 14 7 64 87 62 29 44 41 95 88 95 14 76 10 22 96 53 89 65 4 46 85 50 38 86 16 13 77 44 75 46 76 74 29 70 78 25 71 98 77 34 7 26 89 94 50 49 78 98
19 2
61 56 79 46 91 62 18 94 24 29 50 49 59 72 10 54 13 91 64
100 3
82 41 29 25 55 79 43 77 73 7 43 88 88 29 55 69 79 97 79 85 73 7 43 28 82 91 76 16 14 40 37 61 70 29 91 53 28 67 30 40 92 88 82 90 7 58 72 23 77 4 85 54 77 43 41 43 35 53 37 31 67 10 65 52 4 72 56 97 8 55 42 94 34 22 44 7 23 75 40 70 44 8 39 84 29 6 97 19 28 16 43 89 46 52 73 34 64 53 95 69
1 2
57
100 3
21 10 43 29 56 31 1 25 35 33 67 55 91 57 20 89 13 29 67 7 79 56 3 4 58 79 79 4 49 31 10 63 40 26 16 32 1 62 52 62 7 65 76 46 78 31 80 33 38 58 70 94 63 46 34 73 70 7 84 20 13 88 49 26 94 4 58 10 65 43 85 34 86 20 41 1 98 44 58 37 34 35 1 35 47 70 95 74 19 39 19 7 34 43 97 32 22 55 37 38
100 3
54 89 86 17 89 34 49 11 60 68 50 2 33 71 11 17 44 23 38 77 68 38 35 75 78 12 26 86 82 85 33 41 23 65 59 11 93 49 19 16 6 53 80 83 1 74 68 14 68 45 53 17 16 55 57 58 69 66 75 42 8 76 77 34 19 14 80 95 56 95 23 71 67 68 3 53 38 53 53 5 92 19 56 83 50 55 66 20 35 94 39 53 77 80 50 47 26 28 40 44
1 3
60
100 3
70 19 79 67 67 71 19 8 61 86 8 91 97 13 35 22 76 43 61 51 97 47 43 43 34 83 56 52 5 95 30 83 85 43 19 4 40 70 19 56 46 43 81 4 34 20 82 64 55 50 11 28 86 88 31 16 7 65 67 76 30 49 37 16 17 55 79 36 32 48 55 45 40 16 76 81 41 40 81 16 40 84 14 29 90 7 28 5 14 84 76 44 55 77 2 82 70 73 84 50
100 3
16 44 1 72 95 1 17 88 88 19 6 58 5 70 53 64 92 88 30 52 97 52 85 46 80 29 59 47 85 49 64 43 32 39 70 29 7 88 58 25 82 7 88 77 91 58 77 32 13 56 19 26 31 76 67 45 44 97 70 37 83 73 87 25 49 60 47 61 64 76 31 29 94 22 32 50 94 10 52 8 85 67 88 61 95 88 46 82 4 2 43 46 7 45 34 73 55 52 28 59
22 3
13 85 3 3 44 64 92 55 16 25 88 73 69 89 97 26 21 14 71 80 45 70
100 3
95 41 95 94 34 11 22 19 43 97 82 13 79 8 5 88 94 40 10 15 68 56 83 23 14 98 44 95 39 69 34 37 49 95 44 83 50 27 19 29 5 80 76 68 1 88 32 11 32 2 95 71 98 17 49 50 15 94 59 47 1 31 35 37 14 59 86 43 25 47 68 17 89 98 8 77 32 19 77 98 92 21 98 46 1 65 11 21 44 86 2 59 52 7 2 97 95 11 29 23
2 3
23 50
100 3
16 55 4 49 31 23 43 34 91 28 89 46 53 49 83 39 31 24 91 71 49 49 19 80 94 79 34 19 46 59 37 89 19 98 25 6 80 40 4 53 40 68 43 34 29 20 40 70 41 19 85 29 64 19 97 31 13 82 20 25 34 8 53 54 34 22 80 84 8 31 38 38 70 22 82 88 44 88 73 4 37 34 91 34 88 70 94 76 79 10 80 61 91 51 52 86 80 40 89 2
100 3
78 80 29 96 1 77 32 64 38 34 19 62 88 22 22 65 25 28 82 1 20 29 1 82 88 25 23 94 58 23 38 67 97 48 46 94 68 70 97 71 43 13 34 20 63 55 4 81 56 63 58 64 28 94 41 85 52 46 97 34 7 38 94 62 41 15 88 46 85 69 84 60 64 16 85 13 25 94 47 25 34 37 95 52 88 50 45 37 79 79 85 83 34 97 7 10 97 52 43 23
100 3
37 73 88 31 80 1 1 78 30 7 36 27 64 13 14 52 28 48 82 20 7 64 69 43 1 91 43 52 28 64 86 85 65 75 40 94 84 22 16 26 82 13 8 50 20 6 16 52 28 1 38 94 34 91 5 19 1 23 16 97 89 88 64 28 49 1 64 6 76 7 91 95 58 8 13 67 88 28 76 98 14 19 13 88 67 10 91 80 1 4 34 44 11 68 59 62 55 94 19 96
100 3
71 85 58 76 71 44 5 77 54 76 86 12 28 27 40 28 70 85 43 59 47 22 55 56 7 43 32 29 49 98 85 19 68 1 85 32 40 49 8 71 80 43 47 64 6 21 7 40 67 38 32 46 76 20 84 70 20 73 53 52 95 73 68 75 92 40 31 34 70 22 1 6 62 90 49 49 47 89 19 58 35 97 56 53 31 52 68 7 58 25 74 52 10 8 71 10 91 94 10 43
100 2
69 71 1 23 69 50 54 30 54 90 79 47 69 70 18 35 43 77 74 16 99 22 60 78 5 18 57 34 63 54 45 4 89 47 65 54 96 43 12 93 88 91 59 85 64 46 94 82 88 17 51 2 14 99 37 41 72 12 30 81 74 27 15 27 26 23 52 9 9 23 4 48 90 44 66 2 56 55 72 81 40 8 49 35 34 45 28 53 39 77 58 3 80 37 38 42 87 53 47 32
2 3
13 88
100 3
62 71 2 86 71 67 62 71 28 17 91 35 41 32 31 55 97 98 44 34 83 50 38 32 9 11 5 34 7 65 86 2 71 46 11 44 95 51 20 29 80 17 33 86 33 98 28 4 82 59 52 62 77 95 74 26 23 64 71 95 38 8 47 61 94 52 11 46 49 26 90 73 97 85 14 38 2 47 15 4 67 33 80 2 98 65 53 23 50 59 10 31 13 50 2 92 32 61 34 80
1 2
30
100 3
26 7 19 13 43 37 67 65 61 55 4 94 88 29 28 96 34 50 58 43 76 31 30 22 85 8 50 56 60 46 10 4 1 76 19 5 97 83 82 58 68 21 46 71 19 46 28 56 92 91 56 46 11 87 88 84 88 7 42 73 16 88 1 62 47 95 1 1 76 40 64 7 10 26 53 4 25 4 85 73 71 85 22 13 73 63 59 12 56 76 77 59 78 97 68 31 14 60 89 52
100 3
31 1 10 73 77 43 41 91 53 16 7 8 77 10 25 28 93 19 71 61 47 34 4 73 50 43 98 92 49 28 58 55 1 38 49 58 91 64 79 70 82 60 97 73 49 9 91 4 38 49 22 94 36 34 25 95 64 9 58 13 91 41 95 34 49 89 68 94 55 1 16 38 61 43 71 61 88 44 49 35 68 5 79 31 77 88 83 28 62 62 13 47 35 38 61 22 94 77 48 89
100 3
89 73 39 55 95 38 27 44 2 32 11 65 47 85 38 40 58 29 48 95 17 62 49 25 98 44 17 59 86 53 14 23 44 17 79 38 68 11 41 17 88 5 83 18 26 10 11 76 65 2 26 98 92 65 29 19 56 88 77 64 44 77 83 70 35 84 86 89 29 62 65 41 75 56 50 70 95 19 41 92 95 71 13 50 44 17 95 53 80 68 85 50 2 86 1 92 91 98 79 68
100 3
59 1 68 16 22 76 26 74 56 53 85 94 5 3 23 35 31 80 92 20 98 58 26 1 92 67 94 50 80 44 71 73 35 77 50 65 41 22 65 31 35 16 32 13 98 56 92 69 8 37 61 52 41 56 65 10 44 62 11 83 43 86 5 38 23 77 92 14 20 8 36 47 43 53 10 86 11 48 95 79 91 53 90 52 23 68 97 41 55 68 29 43 58 68 80 27 29 98 14 83
100 3
95 60 76 1 96 88 89 74 86 32 15 43 89 67 68 41 65 47 16 17 31 74 26 95 51 16 2 29 2 80 23 98 7 83 61 76 68 10 71 70 41 35 40 50 86 92 5 3 41 26 88 65 23 2 29 74 29 5 89 20 7 53 25 92 84 5 65 95 97 50 89 26 47 7 20 28 57 79 43 72 38 47 70 71 2 95 65 80 47 14 26 43 92 75 96 2 32 79 96 80
100 3
7 63 94 23 42 70 1 82 59 92 79 59 41 38 65 63 43 40 46 43 59 34 74 3 58 52 94 64 87 4 59 58 19 8 16 50 64 50 28 88 73 11 41 50 57 53 17 96 96 67 10 14 14 10 50 25 43 40 80 35 25 22 77 40 61 9 32 68 88 34 68 25 91 7 63 41 34 55 73 61 1 89 64 64 58 73 34 50 22 51 9 70 1 24 46 2 46 31 47 88
100 3
41 22 52 68 71 7 10 63 5 4 87 34 3 93 1 1 62 7 58 7 80 62 32 19 22 55 22 31 50 11 98 15 35 83 58 20 43 91 88 11 85 9 11 40 6 36 31 62 43 52 50 62 68 85 72 4 43 89 73 46 94 40 44 52 65 77 85 39 1 76 70 83 37 62 59 46 22 95 55 40 68 21 10 42 25 40 79 73 6 25 28 88 87 32 46 64 85 10 21 10
100 3
32 65 52 34 14 11 7 70 17 61 13 35 13 37 67 77 22 2 37 34 56 86 49 95 4 28 32 67 79 59 37 67 49 35 59 31 68 55 23 97 34 40 4 2 92 52 11 13 5 17 83 47 38 88 97 58 2 29 35 52 11 43 31 49 64 26 50 50 67 10 1 22 86 59 37 13 5 89 38 28 55 22 14 67 49 4 29 98 37 58 11 88 64 67 23 56 82 65 65 79
27 3
71 31 73 76 56 96 52 22 86 53 1 64 61 25 1 34 55 76 38 65 10 97 58 56 11 43 34
100 3
4 76 2 5 97 53 82 88 70 60 31 88 12 75 37 4 88 6 19 37 52 5 74 90 28 85 64 76 87 91 8 86 30 63 25 61 34 92 89 13 91 73 71 77 16 64 62 53 95 28 87 11 37 7 71 98 52 89 89 52 19 61 33 88 7 61 77 45 66 79 11 8 47 13 51 37 89 91 87 98 16 18 19 73 37 50 41 37 65 10 61 31 10 76 7 78 61 35 53 87
100 3
44 75 89 26 71 38 26 71 2 56 31 47 98 47 80 94 80 67 98 8 17 77 29 48 5 5 2 61 83 53 55 62 50 73 51 77 88 74 98 26 32 2 83 8 47 79 44 43 49 61 86 80 52 26 57 53 95 65 86 55 82 92 24 55 48 23 34 39 46 14 30 86 44 8 70 53 9 71 48 48 16 57 77 34 33 40 2 48 5 26 50 38 95 1 8 68 14 65 29 98
13 3
98 31 9 71 71 23 22 25 40 83 95 67 58
100 3
7 7 35 53 91 85 27 10 36 28 94 77 76 6 7 96 11 78 88 95 47 31 79 71 62 72 58 58 94 13 4 22 61 49 73 25 13 80 84 76 63 10 85 39 68 14 62 58 32 65 70 18 3 55 59 1 88 88 91 23 85 48 55 82 5 1 41 86 82 10 53 92 4 71 38 79 25 61 70 13 47 82 13 10 58 68 53 50 31 68 34 70 19 16 93 58 62 22 52 37
100 3
98 59 56 30 14 83 50 77 29 83 35 37 32 67 14 35 95 65 58 58 23 68 11 19 35 26 74 71 32 2 43 17 20 88 11 8 14 62 44 29 97 91 67 94 89 47 62 47 67 26 95 68 19 91 39 64 70 65 77 56 17 82 92 80 7 36 86 5 26 79 94 8 56 48 59 44 6 52 44 11 94 35 14 77 13 17 11 35 50 35 92 8 82 29 56 67 19 56 25 25
100 3
77 59 20 8 5 55 16 63 46 65 41 1 10 20 71 53 49 44 2 80 48 7 17 17 51 77 53 70 16 79 22 29 77 77 60 41 77 74 38 47 74 70 73 44 63 65 8 38 46 38 52 59 30 16 38 31 68 1 44 32 21 62 22 34 86 73 47 86 26 32 13 71 71 64 47 57 20 32 20 5 55 51 53 17 26 5 1 86 75 21 34 4 25 26 85 83 17 63 26 80
100 3
38 92 16 13 50 71 59 25 35 98 41 38 95 71 4 95 41 66 16 98 29 26 25 20 25 83 86 31 74 26 76 8 40 10 32 83 79 74 80 97 77 60 33 26 92 10 38 35 5 59 95 95 65 50 26 9 47 80 15 42 32 35 56 40 29 37 56 97 89 46 29 74 98 62 5 84 44 86 4 58 74 80 18 32 9 97 14 19 17 14 1 56 53 43 38 8 29 95 63 11
100 3
95 53 90 55 19 31 97 23 14 28 59 14 14 4 70 40 1 88 15 16 43 25 22 91 9 46 47 46 22 47 69 58 26 25 47 89 94 80 59 97 38 32 13 49 44 82 97 14 91 52 27 68 94 6 40 86 26 76 41 52 85 94 76 31 39 44 25 44 22 49 55 40 32 10 49 11 97 69 57 2 79 15 23 21 23 35 92 28 70 44 44 59 37 50 55 97 94 41 71 25
16 3
89 26 92 13 91 95 98 95 92 38 50 11 76 53 40 49
100 3
6 69 46 50 1 94 37 50 7 78 1 95 95 21 51 51 4 41 32 25 38 53 38 32 73 95 46 65 31 37 94 97 68 11 93 16 16 58 53 49 64 34 1 52 76 16 74 13 37 7 7 94 61 79 64 46 85 13 64 16 79 88 61 50 19 74 7 42 50 79 16 87 32 1 53 71 46 85 18 47 60 19 5 28 56 37 71 49 38 59 41 37 34 70 76 34 79 58 1 83
100 3
91 67 32 17 5 23 71 63 3 71 95 17 6 50 29 4 54 92 68 17 44 14 14 56 16 8 37 59 49 53 60 44 59 4 26 26 85 40 36 20 29 3 53 17 50 55 59 71 43 12 17 94 19 95 77 58 29 98 51 26 81 47 77 43 80 74 28 62 14 32 20 53 45 68 98 83 37 86 50 59 37 11 71 96 47 52 45 63 73 29 26 74 74 41 80 92 97 85 82 5
100 3
52 74 82 83 62 11 22 4 58 86 81 89 8 29 91 76 84 57 86 8 68 35 47 80 64 89 65 16 23 95 29 79 98 11 8 80 88 14 23 83 71 25 62 31 13 28 14 14 53 17 39 83 89 83 26 95 23 23 28 32 1 26 42 76 61 29 37 29 20 11 61 73 43 88 46 51 94 38 80 2 35 64 65 42 50 13 97 95 79 45 56 30 53 44 2 6 46 23 16 38
100 3
38 2 62 76 55 32 44 43 95 5 91 73 17 14 76 86 21 62 5 84 53 61 5 38 70 75 60 70 82 58 95 68 16 81 34 32 52 83 29 62 22 98 75 64 76 56 45 50 35 89 80 77 38 65 48 93 47 43 54 56 71 32 89 83 5 59 11 98 18 26 23 43 17 59 71 2 98 28 16 37 26 11 35 55 41 68 16 80 23 85 19 44 92 86 8 86 16 64 42 45
100 3
11 88 37 26 97 52 44 10 67 31 76 84 90 44 46 32 5 8 79 1 73 82 97 21 45 1 4 15 62 82 14 7 67 58 31 32 7 73 50 97 68 95 14 43 95 2 97 82 97 56 80 46 85 33 30 13 40 28 3 26 86 14 52 1 95 31 17 16 4 28 70 67 97 46 32 80 41 77 59 76 59 32 23 25 52 4 64 59 46 6 18 2 37 36 37 10 9 64 46 67
24 3
58 91 88 29 43 20 34 12 39 64 37 13 85 32 37 37 48 5 18 36 58 92 71 85
100 3
88 47 86 61 28 43 88 44 41 96 61 55 34 74 91 61 97 61 35 88 23 49 88 40 64 35 88 17 29 43 60 31 11 98 70 57 67 76 81 94 13 13 85 82 89 76 82 67 34 98 58 37 53 26 94 59 19 1 82 71 79 95 37 40 13 70 86 61 7 7 2 56 82 61 31 43 4 40 91 41 40 20 31 67 22 32 74 71 1 28 13 20 40 4 52 52 2 10 31 37
3 3
95 41 38
20 2
18 38 36 92 30 14 57 90 99 83 2 37 29 14 41 60 70 97 61 17
100 3
41 46 13 83 10 49 52 77 67 82 97 55 61 20 76 77 55 86 23 23 67 80 67 74 46 73 5 41 17 2 20 34 26 56 47 46 41 98 98 56 74 98 20 41 77 52 43 4 61 79 85 28 38 95 25 92 91 38 20 11 14 46 1 34 2 91 46 7 22 61 58 86 44 71 16 5 13 77 17 71 64 74 62 29 19 70 97 64 94 62 7 10 32 44 98 80 73 85 61 61
100 3
98 43 25 77 17 85 52 5 25 40 4 70 8 91 80 95 87 28 67 25 79 25 5 34 43 67 19 50 97 55 64 98 68 79 85 52 37 10 47 73 13 91 55 43 4 37 3 2 89 61 85 20 2 46 32 97 49 52 82 83 63 1 82 76 73 94 46 12 88 51 91 92 94 29 91 38 25 60 67 32 77 64 78 47 37 44 72 61 17 58 25 27 94 44 88 65 26 1 23 12
100 3
13 38 88 83 88 98 79 67 10 56 70 97 45 85 5 97 73 79 40 67 50 83 83 42 29 22 59 13 94 56 29 47 22 76 37 50 85 52 28 4 88 32 91 40 70 47 40 25 88 64 19 17 43 61 13 98 77 28 64 59 52 80 64 13 13 58 10 64 73 78 4 97 59 98 13 22 8 61 31 44 32 55 4 26 71 52 57 68 4 37 13 42 64 61 31 88 13 75 37 11
100 3
40 49 24 1 58 9 71 46 61 95 20 91 13 94 33 25 56 49 58 82 48 45 29 26 64 19 89 19 67 59 52 2 16 73 65 9 97 16 55 31 40 7 11 94 86 25 84 70 22 13 95 73 76 24 80 76 70 82 67 43 16 85 55 59 88 58 19 7 3 28 64 57 40 10 70 22 44 22 73 23 67 40 58 16 20 19 10 27 97 5 73 73 1 28 61 88 20 23 52 26
22 3
35 32 79 50 22 35 71 74 38 26 59 35 46 62 80 76 34 68 59 44 90 46
100 3
59 10 64 10 34 88 89 55 4 46 85 82 16 35 34 49 97 79 1 34 79 52 7 10 58 50 92 21 18 97 77 64 10 74 88 94 25 11 43 11 53 69 69 92 43 53 22 3 84 1 38 4 73 67 46 73 60 91 19 92 45 23 37 70 7 7 59 92 20 34 17 31 32 19 14 46 76 61 97 62 23 77 88 88 13 19 81 8 70 56 75 52 5 4 59 2 43 19 6 13
100 3
7 74 79 7 37 76 1 84 37 43 61 79 5 67 61 33 37 7 85 57 89 26 29 92 43 95 67 61 16 25 7 71 61 28 39 58 97 92 7 53 67 82 52 24 88 79 76 46 1 76 93 77 34 50 37 13 31 47 32 89 49 67 44 11 56 22 79 82 13 1 90 19 43 49 32 31 73 19 70 43 93 89 82 52 97 78 73 46 55 46 40 11 97 37 61 5 13 79 37 70
2 2
73 15
100 3
25 47 62 67 25 4 91 50 37 55 64 65 60 38 89 38 56 55 64 70 41 76 79 58 85 49 93 56 22 58 22 58 56 27 1 73 86 28 8 46 4 75 55 30 90 94 73 14 44 53 81 10 52 72 25 4 55 85 75 65 10 85 10 1 55 36 5 46 16 85 57 61 49 68 3 58 25 1 71 97 16 13 97 58 18 56 28 74 49 52 16 34 32 89 10 10 88 19 91 59
100 3
34 44 59 83 51 14 7 68 35 79 5 92 43 53 94 33 5 15 41 95 45 64 26 59 10 96 56 61 86 73 47 53 15 77 63 56 14 29 32 46 15 23 10 11 38 59 2 53 41 80 2 89 98 79 55 28 59 14 79 29 89 56 23 16 97 89 95 4 94 6 85 11 46 61 46 35 62 23 50 67 29 66 98 98 98 59 29 86 55 26 38 86 41 46 40 1 87 37 25 62
100 3
17 87 80 76 65 54 80 32 83 53 69 86 29 68 64 83 59 50 71 53 17 34 8 34 21 89 14 65 18 95 35 64 92 6 96 89 83 20 68 92 2 22 98 19 25 59 98 73 92 4 31 1 56 2 32 14 13 35 41 35 58 14 29 44 79 56 91 7 62 91 62 63 11 80 72 77 68 11 54 27 47 41 8 8 2 38 41 77 55 17 5 20 74 14 11 88 41 32 46 86
100 3
91 34 64 59 19 19 70 85 35 36 11 19 88 45 44 61 31 67 1 26 48 52 34 85 22 49 29 51 12 35 78 48 55 16 37 94 8 28 76 46 73 13 52 89 85 8 4 49 28 77 38 68 58 33 38 25 82 41 70 23 55 34 19 67 67 16 71 40 31 10 68 53 23 46 76 29 52 85 64 97 73 42 16 79 61 41 41 79 61 16 76 97 61 62 46 88 4 89 11 10
100 3
73 7 67 1 37 49 4 68 85 79 87 82 4 16 79 64 96 15 53 73 56 25 91 46 32 91 32 76 68 46 40 95 31 62 62 36 49 43 4 49 64 38 72 11 67 88 34 19 25 91 67 95 19 94 4 14 97 89 81 80 94 55 76 90 91 36 49 31 28 70 37 28 64 58 43 58 73 28 94 19 94 28 10 34 10 85 4 35 97 80 7 4 2 46 67 16 41 40 82 55
100 3
68 86 29 26 76 91 41 36 83 14 38 98 44 94 73 86 61 50 7 5 91 56 65 89 59 29 32 43 61 86 44 11 27 59 95 9 16 19 28 41 20 92 98 8 85 49 21 14 20 4 82 73 26 32 97 95 71 60 54 95 98 44 20 31 22 38 52 65 17 71 37 56 59 89 89 55 3 56 79 44 77 33 28 17 32 50 71 13 93 43 20 5 58 28 41 23 8 96 39 44
100 3
45 32 70 11 26 89 22 54 50 26 5 17 5 9 59 21 19 77 6 69 2 62 65 28 47 53 13 59 46 40 55 22 79 96 46 68 47 46 47 17 83 26 43 23 95 69 83 2 35 20 65 14 53 1 14 66 9 72 74 20 49 19 82 88 73 80 41 71 77 43 26 75 68 11 86 14 34 98 93 80 29 74 7 37 20 43 3 74 74 89 44 8 77 96 80 90 29 86 4 59
24 3
73 95 91 85 64 4 76 56 58 79 4 8 79 65 94 88 80 95 73 94 46 97 29 31
12 3
38 85 34 41 83 65 12 34 94 8 53 64
1 3
56
100 3
68 79 71 40 14 38 69 12 58 97 8 16 94 10 94 14 76 19 34 7 49 97 76 34 24 67 46 22 10 48 41 61 13 94 94 50 97 58 91 31 68 52 63 88 7 94 55 96 19 73 82 25 28 91 46 71 90 2 82 29 75 31 73 55 40 94 91 32 37 26 28 27 7 98 10 98 55 53 77 76 80 82 49 66 46 44 46 97 22 68 55 17 25 73 73 87 65 16 44 82
100 3
57 15 64 14 7 62 97 58 97 85 64 11 13 61 82 71 37 4 72 28 89 80 55 62 45 28 67 97 41 40 28 23 35 89 35 96 91 28 91 55 52 4 55 86 58 58 55 73 8 95 79 79 10 49 37 82 95 77 55 20 95 61 41 85 43 67 79 37 13 97 71 49 52 97 25 53 2 59 82 76 56 43 65 34 32 55 22 94 34 26 52 24 73 95 65 70 19 19 51 64
100 3
83 69 75 41 22 98 56 12 24 25 20 7 26 98 20 68 5 60 14 38 11 80 71 92 83 90 29 98 65 52 89 23 47 71 55 80 5 22 14 10 26 21 87 16 10 14 19 95 29 29 17 3 44 19 29 59 23 86 41 84 25 92 40 3 98 32 74 90 65 53 65 44 70 88 47 95 34 75 59 97 91 56 71 98 74 29 68 13 79 64 86 77 80 95 1 61 34 53 50 50
13 3
44 62 25 10 70 72 50 91 8 43 57 53 52
100 3
14 2 41 71 13 41 28 56 95 80 62 96 41 59 90 11 65 28 98 5 62 26 7 59 20 83 63 31 32 73 89 47 34 43 49 89 31 50 86 80 92 8 91 53 59 55 80 26 44 82 4 89 20 20 86 46 36 61 11 23 44 98 23 40 77 70 23 80 54 71 14 55 51 31 47 95 35 13 64 11 46 29 32 69 29 89 66 51 92 92 7 98 87 31 46 32 98 12 11 7
100 3
45 77 55 82 32 61 84 67 15 10 3 95 6 74 33 6 8 80 97 7 41 55 88 70 14 28 67 79 86 17 94 35 23 94 52 85 73 12 49 73 27 8 89 83 33 13 63 25 7 88 51 37 95 43 15 85 55 52 47 23 18 79 58 71 80 91 43 87 36 61 94 52 40 80 83 49 4 10 1 46 19 35 97 49 84 58 85 74 55 19 34 73 37 4 16 76 42 22 92 37
13 3
83 41 22 53 95 95 73 76 38 23 76 67 4
100 3
6 49 34 52 7 22 55 82 19 91 49 61 53 4 49 58 18 97 62 37 85 58 96 88 70 37 47 55 98 34 84 43 76 98 14 7 35 32 21 50 3 55 89 47 73 31 14 24 40 25 43 89 19 38 20 22 31 35 49 37 10 16 35 13 68 40 8 97 91 23 9 61 25 43 22 41 30 10 73 85 34 91 83 18 13 28 58 54 57 22 93 5 43 70 77 40 37 49 80 51
100 3
49 22 35 71 62 35 40 44 74 74 16 33 52 46 49 34 3 47 61 80 4 24 90 32 50 76 53 53 68 26 53 19 47 95 50 5 5 74 74 11 98 5 61 13 77 51 53 80 71 11 39 81 95 27 85 89 51 98 8 47 11 22 8 95 8 7 26 82 36 42 47 76 89 65 22 92 8 49 31 80 19 4 46 77 59 32 8 74 9 29 51 12 65 15 23 23 68 26 20 50
100 3
28 68 25 17 67 50 11 36 97 23 4 22 25 50 49 26 82 94 40 47 48 4 43 51 55 43 19 82 37 85 13 43 19 82 4 85 10 11 55 48 41 28 91 64 85 43 40 1 58 53 78 94 77 1 31 32 10 91 25 65 4 58 97 74 71 46 61 73 40 94 73 8 6 85 9 62 58 98 40 96 35 76 71 58 82 80 11 58 43 61 8 85 1 78 37 27 85 10 10 97
12 3
44 61 28 41 98 14 49 1 2 10 25 32
100 3
21 78 72 27 93 53 32 47 27 50 72 86 40 34 89 76 79 88 48 21 45 74 47 85 53 23 40 24 25 68 63 10 3 50 62 57 47 73 49 14 56 64 59 77 17 46 15 26 17 85 10 59 85 82 76 24 64 47 75 1 74 46 69 5 1 38 3 18 28 18 34 76 40 4 66 79 57 30 24 58 42 20 35 30 30 40 90 76 81 39 98 67 8 62 66 61 60 67 59 14
100 3
49 64 22 54 32 97 98 95 58 79 19 46 56 67 43 42 97 10 7 39 49 55 98 88 40 52 73 51 25 71 43 44 86 2 77 14 40 34 86 74 94 73 51 97 64 94 8 47 76 87 56 73 53 76 73 64 46 19 94 22 10 5 61 51 49 37 31 19 7 46 5 64 40 7 94 55 8 28 61 70 88 40 46 25 5 26 56 92 64 62 48 13 44 29 86 77 73 85 1 16
100 3
50 62 1 60 26 89 45 64 88 81 62 95 56 69 7 17 67 74 22 70 31 31 91 20 68 86 62 68 61 53 61 50 64 52 29 93 93 31 26 38 37 93 88 91 14 38 76 34 20 77 17 95 62 88 83 38 5 45 95 83 52 50 85 21 95 31 29 33 74 65 23 20 79 71 26 32 62 5 92 80 86 72 14 1 83 56 59 26 14 32 17 79 74 89 85 62 59 34 27 19
100 3
53 96 62 65 46 48 76 4 89 58 86 5 5 95 13 83 8 41 89 41 19 20 8 19 35 41 56 73 23 11 50 86 55 74 2 35 17 6 76 7 86 56 29 39 62 2 17 86 26 14 36 86 95 47 29 88 2 5 1 9 1 85 95 53 30 45 81 2 64 35 73 82 98 59 2 38 1 98 62 35 22 50 61 19 9 50 95 13 74 19 83 62 11 54 38 53 96 41 11 94
100 3
5 14 14 29 10 35 64 32 93 19 52 64 92 37 53 62 11 46 34 90 89 12 14 9 53 89 86 20 31 50 23 44 22 95 83 26 86 37 17 64 74 50 32 91 21 71 81 51 41 80 88 42 68 38 12 18 16 78 25 84 92 53 53 62 77 69 17 38 69 51 11 26 10 47 12 15 77 71 95 71 35 52 29 65 58 26 58 86 89 95 29 86 32 55 8 71 3 92 65 40
1 3
79
100 3
10 58 61 19 87 30 22 93 70 62 20 2 69 88 5 19 64 8 44 64 37 41 80 1 1 14 76 44 13 7 1 21 72 7 68 51 74 25 19 19 77 7 52 97 64 5 55 80 88 95 23 58 7 19 10 70 5 44 41 11 38 22 97 4 66 97 31 13 70 28 63 23 74 49 29 65 22 41 58 88 97 22 74 3 41 26 94 54 37 20 25 56 95 2 66 7 93 63 15 54
100 3
76 34 64 90 62 16 83 13 61 58 85 81 76 20 43 26 98 97 37 49 5 81 70 74 73 61 85 69 76 94 40 49 55 88 82 35 1 52 44 17 72 73 52 70 5 94 91 25 64 10 59 43 68 58 10 76 52 11 22 88 85 67 67 21 12 55 83 79 25 58 74 43 50 35 23 92 96 56 65 23 97 85 61 45 82 72 19 49 10 39 49 78 16 16 53 74 4 80 22 43
100 3
83 44 53 95 80 80 38 80 92 59 91 83 19 73 86 89 41 28 50 25 17 79 86 47 85 32 50 58 20 91 66 82 38 23 8 16 74 80 86 17 4 14 41 32 49 53 53 91 68 2 26 62 53 5 49 56 41 49 76 65 44 38 38 62 83 20 73 95 49 58 23 32 89 92 68 1 59 68 50 79 23 5 61 77 35 41 97 83 32 13 59 7 65 72 70 70 32 1 26 14
100 3
67 70 88 78 23 91 70 22 94 56 97 36 97 43 7 93 22 70 65 55 96 24 41 31 56 73 19 85 65 85 76 31 64 20 37 94 44 79 88 97 64 43 88 65 52 92 49 5 92 26 88 91 49 22 40 40 45 37 38 40 70 7 82 16 91 27 1 80 6 58 80 97 71 83 38 91 13 58 86 29 10 44 16 10 58 83 79 79 62 81 98 35 22 46 72 40 57 62 94 67
100 3
91 35 4 68 25 37 19 37 70 38 16 19 34 53 46 40 25 46 41 22 88 62 4 67 43 67 52 10 76 30 77 34 8 42 82 11 70 62 40 70 92 36 77 28 85 32 97 14 70 16 14 49 10 5 65 86 79 58 94 91 37 55 93 7 34 46 96 83 11 37 76 82 44 70 30 40 58 38 76 41 10 34 73 16 76 14 61 95 4 91 43 1 45 4 79 82 23 82 40 17
100 3
38 70 96 70 50 83 19 47 64 37 53 86 71 5 7 77 57 55 13 68 31 73 37 98 55 44 52 32 13 86 44 78 13 5 56 74 98 92 11 80 50 67 1 44 11 50 5 7 68 49 98 53 83 34 14 79 38 83 8 59 24 68 77 92 47 74 9 23 95 73 17 65 23 71 14 47 59 41 25 98 70 40 14 86 11 26 73 71 98 83 85 17 56 5 74 26 26 41 31 57
100 3
2 70 58 19 17 47 95 56 35 45 68 8 32 70 11 98 88 59 68 8 8 74 36 44 44 20 4 73 14 48 56 46 53 55 86 98 8 92 59 95 47 25 35 8 40 56 59 75 94 14 61 31 65 81 9 68 80 68 68 8 65 94 68 26 17 77 47 10 26 77 92 8 64 44 89 5 91 49 98 64 80 62 38 2 88 38 53 40 2 41 71 32 18 19 82 98 85 35 56 13
100 3
8 62 52 56 83 23 68 53 63 28 60 79 73 35 14 23 43 65 65 5 38 8 11 90 22 14 68 29 64 64 61 86 83 53 74 85 50 2 53 77 58 88 47 16 41 19 75 38 11 55 29 26 14 35 46 76 5 52 20 98 83 47 59 41 2 26 26 68 46 26 77 86 59 94 98 83 32 95 80 28 89 3 62 56 63 51 4 3 88 52 5 77 38 46 68 77 60 44 77 32
