20
17 4
11 21 1 50 32 13 8 8 30 31 40 25 3 38 20 38 12
3 15
50 10 49
12 12
41 28 1 32 10 32 26 34 35 36 50 46
18 6
38 20 18 6 38 8 49 10 33 30 49 44 13 24 41 50 9 12
20 18
3 21 50 24 20 0 1 42 10 50 42 32 3 45 5 2 7 15 36 23
19 16
16 34 27 12 39 26 42 16 13 39 2 35 38 0 17 15 19 35 4
20 8
12 28 31 2 28 2 1 47 29 4 48 42 39 2 30 41 47 37 49 2
6 2
49 15 9 1 46 28
4 8
6 18 28 49
20 16
24 49 11 22 23 22 23 45 18 44 28 31 22 19 37 37 1 15 14 12
15 3
10 0 36 34 8 19 11 49 28 0 25 47 9 0 3
16 2
16 32 31 22 37 21 28 9 12 23 44 33 7 30 14 19
14 19
48 47 4 16 5 15 10 43 39 38 1 40 11 10
6 2
27 5 39 6 12 5
10 15
21 0 41 42 24 40 27 15 46 38
2 12
33 32
20 16
15 46 23 29 1 46 3 43 16 48 50 27 44 21 42 26 27 39 39 27
12 12
48 41 19 30 21 14 46 21 46 1 13 47
4 8
42 21 36 37
15 15
37 25 39 20 38 0 5 33 23 44 44 31 44 18 31
