20
18 18
22 4 32 41 45 47 19 18 5 3 15 23 48 37 14 24 15 25
3 4
23 2 42
12 17
20 25 33 5 13 2 0 3 18 11 1 35
6 16
3 31 13 34 20 15
17 17
44 19 34 24 40 50 48 3 34 36 7 6 7 31 7 38 12
14 13
44 26 35 23 8 38 45 23 36 8 26 33 47 7
11 8
1 11 15 40 36 7 39 37 23 50 20
15 1
12 5 5 49 46 28 23 49 2 26 42 49 40 10 18
18 7
28 35 17 7 32 37 0 17 24 14 2 1 23 34 23 37 31 18
10 12
5 5 18 24 15 36 34 1 49 38
12 19
44 8 7 22 25 1 32 49 2 17 48 38
8 10
7 31 10 1 8 37 6 1
14 17
8 27 24 16 44 20 10 36 10 16 41 17 17 0
3 17
8 41 2
2 6
33 12
10 13
50 47 24 40 48 40 29 18 35 2
6 16
33 28 45 10 5 22
2 10
5 6
19 2
22 44 20 9 34 18 3 35 15 20 30 46 10 10 21 6 50 15 13
9 19
6 34 21 25 26 20 38 34 2
