20
2 5
25 36
20 5
35 11 29 11 44 45 47 48 7 43 16 13 13 23 19 11 48 5 48 48
20 3
25 8 10 47 12 41 47 25 38 5 29 48 33 42 19 18 0 9 38 19
15 3
46 33 39 17 29 32 46 24 27 50 1 45 20 44 3
6 16
50 45 7 28 14 2
8 4
13 1 30 12 43 21 23 29
14 5
34 43 4 36 16 15 18 37 2 1 1 7 24 6
13 9
25 33 33 7 15 28 35 22 20 28 35 7 13
14 3
20 14 29 20 41 41 7 14 7 0 50 31 34 38
8 13
22 4 21 13 8 6 46 16
9 19
5 31 41 41 42 19 25 6 4
14 4
7 25 49 0 41 38 48 45 48 20 28 16 15 37
2 7
29 12
15 17
27 13 30 24 49 6 6 37 44 37 46 37 24 17 13
3 13
16 41 36
17 18
39 20 25 45 18 40 38 12 11 30 38 15 14 10 48 36 50
3 14
19 30 43
10 20
10 48 11 17 45 0 2 45 0 22
4 15
5 43 46 8
5 10
28 40 30 32 5
