100
10001 111
1011 111
1010 1011
0 1
0 101
1101011 1101011
1110000101000000101010101011101000011011100010110001101010001101111000111000111110010101100110101001 1010011000110011110010100000111000111110000011010101001101110111101111110111011000100110011000111100
1110000101000000101010101011101000011011100010110001101010001101111000111000111110010101100110101001 1010011000110011110010100000111000111110000011010101001101110111101111110111011000100110011000111100
1110000101000000101010101011101000011011100010110001101010001101111000111000111110010101100110101001 1010011000110011110010100000111000111110000011010101001101110111101111110111011000100110011000111100
1110000101000000101010101011101000011011100010110001101010001101111000111000111110010101100110101001 1010011000110011110010100000111000111110000011010101001101110111101111110111011000100110011000111100
1110000101000000101010101011101000011011100010110001101010001101111000111000111110010101100110101001 1010011000110011110010100000111000111110000011010101001101110111101111110111011000100110011000111100
1110000101000000101010101011101000011011100010110001101010001101111000111000111110010101100110101001 1010011000110011110010100000111000111110000011010101001101110111101111110111011000100110011000111100
1110000101000000101010101011101000011011100010110001101010001101111000111000111110010101100110101001 1010011000110011110010100000111000111110000011010101001101110111101111110111011000100110011000111100
1110000101000000101010101011101000011011100010110001101010001101111000111000111110010101100110101001 1010011000110011110010100000111000111110000011010101001101110111101111110111011000100110011000111100
1110000101000000101010101011101000011011100010110001101010001101111000111000111110010101100110101001 1010011000110011110010100000111000111110000011010101001101110111101111110111011000100110011000111100
1110000101000000101010101011101000011011100010110001101010001101111000111000111110010101100110101001 1010011000110011110010100000111000111110000011010101001101110111101111110111011000100110011000111100
1110000101000000101010101011101000011011100010110001101010001101111000111000111110010101100110101001 1010011000110011110010100000111000111110000011010101001101110111101111110111011000100110011000111100
1110000101000000101010101011101000011011100010110001101010001101111000111000111110010101100110101001 1010011000110011110010100000111000111110000011010101001101110111101111110111011000100110011000111100
1110000101000000101010101011101000011011100010110001101010001101111000111000111110010101100110101001 1010011000110011110010100000111000111110000011010101001101110111101111110111011000100110011000111100
1110000101000000101010101011101000011011100010110001101010001101111000111000111110010101100110101001 1010011000110011110010100000111000111110000011010101001101110111101111110111011000100110011000111100
1110000101000000101010101011101000011011100010110001101010001101111000111000111110010101100110101001 1010011000110011110010100000111000111110000011010101001101110111101111110111011000100110011000111100
1110000101000000101010101011101000011011100010110001101010001101111000111000111110010101100110101001 1010011000110011110010100000111000111110000011010101001101110111101111110111011000100110011000111100
1110000101000000101010101011101000011011100010110001101010001101111000111000111110010101100110101001 1010011000110011110010100000111000111110000011010101001101110111101111110111011000100110011000111100
1110000101000000101010101011101000011011100010110001101010001101111000111000111110010101100110101001 1010011000110011110010100000111000111110000011010101001101110111101111110111011000100110011000111100
1110000101000000101010101011101000011011100010110001101010001101111000111000111110010101100110101001 1010011000110011110010100000111000111110000011010101001101110111101111110111011000100110011000111100
1110000101000000101010101011101000011011100010110001101010001101111000111000111110010101100110101001 1010011000110011110010100000111000111110000011010101001101110111101111110111011000100110011000111100
1110000101000000101010101011101000011011100010110001101010001101111000111000111110010101100110101001 1010011000110011110010100000111000111110000011010101001101110111101111110111011000100110011000111100
1110000101000000101010101011101000011011100010110001101010001101111000111000111110010101100110101001 1010011000110011110010100000111000111110000011010101001101110111101111110111011000100110011000111100
1110000101000000101010101011101000011011100010110001101010001101111000111000111110010101100110101001 1010011000110011110010100000111000111110000011010101001101110111101111110111011000100110011000111100
1110000101000000101010101011101000011011100010110001101010001101111000111000111110010101100110101001 1010011000110011110010100000111000111110000011010101001101110111101111110111011000100110011000111100
1110000101000000101010101011101000011011100010110001101010001101111000111000111110010101100110101001 1010011000110011110010100000111000111110000011010101001101110111101111110111011000100110011000111100
1110000101000000101010101011101000011011100010110001101010001101111000111000111110010101100110101001 1010011000110011110010100000111000111110000011010101001101110111101111110111011000100110011000111100
1110000101000000101010101011101000011011100010110001101010001101111000111000111110010101100110101001 1010011000110011110010100000111000111110000011010101001101110111101111110111011000100110011000111100
1110000101000000101010101011101000011011100010110001101010001101111000111000111110010101100110101001 1010011000110011110010100000111000111110000011010101001101110111101111110111011000100110011000111100
1110000101000000101010101011101000011011100010110001101010001101111000111000111110010101100110101001 1010011000110011110010100000111000111110000011010101001101110111101111110111011000100110011000111100
1110000101000000101010101011101000011011100010110001101010001101111000111000111110010101100110101001 1010011000110011110010100000111000111110000011010101001101110111101111110111011000100110011000111100
1110000101000000101010101011101000011011100010110001101010001101111000111000111110010101100110101001 1010011000110011110010100000111000111110000011010101001101110111101111110111011000100110011000111100
1110000101000000101010101011101000011011100010110001101010001101111000111000111110010101100110101001 1010011000110011110010100000111000111110000011010101001101110111101111110111011000100110011000111100
1110000101000000101010101011101000011011100010110001101010001101111000111000111110010101100110101001 1010011000110011110010100000111000111110000011010101001101110111101111110111011000100110011000111100
1110000101000000101010101011101000011011100010110001101010001101111000111000111110010101100110101001 1010011000110011110010100000111000111110000011010101001101110111101111110111011000100110011000111100
1110000101000000101010101011101000011011100010110001101010001101111000111000111110010101100110101001 1010011000110011110010100000111000111110000011010101001101110111101111110111011000100110011000111100
1110000101000000101010101011101000011011100010110001101010001101111000111000111110010101100110101001 1010011000110011110010100000111000111110000011010101001101110111101111110111011000100110011000111100
1110000101000000101010101011101000011011100010110001101010001101111000111000111110010101100110101001 1010011000110011110010100000111000111110000011010101001101110111101111110111011000100110011000111100
1110000101000000101010101011101000011011100010110001101010001101111000111000111110010101100110101001 1010011000110011110010100000111000111110000011010101001101110111101111110111011000100110011000111100
1110000101000000101010101011101000011011100010110001101010001101111000111000111110010101100110101001 1010011000110011110010100000111000111110000011010101001101110111101111110111011000100110011000111100
1110000101000000101010101011101000011011100010110001101010001101111000111000111110010101100110101001 1010011000110011110010100000111000111110000011010101001101110111101111110111011000100110011000111100
1110000101000000101010101011101000011011100010110001101010001101111000111000111110010101100110101001 1010011000110011110010100000111000111110000011010101001101110111101111110111011000100110011000111100
1110000101000000101010101011101000011011100010110001101010001101111000111000111110010101100110101001 1010011000110011110010100000111000111110000011010101001101110111101111110111011000100110011000111100
1110000101000000101010101011101000011011100010110001101010001101111000111000111110010101100110101001 1010011000110011110010100000111000111110000011010101001101110111101111110111011000100110011000111100
1110000101000000101010101011101000011011100010110001101010001101111000111000111110010101100110101001 1010011000110011110010100000111000111110000011010101001101110111101111110111011000100110011000111100
1110000101000000101010101011101000011011100010110001101010001101111000111000111110010101100110101001 1010011000110011110010100000111000111110000011010101001101110111101111110111011000100110011000111100
1110000101000000101010101011101000011011100010110001101010001101111000111000111110010101100110101001 1010011000110011110010100000111000111110000011010101001101110111101111110111011000100110011000111100
1110000101000000101010101011101000011011100010110001101010001101111000111000111110010101100110101001 1010011000110011110010100000111000111110000011010101001101110111101111110111011000100110011000111100
1110000101000000101010101011101000011011100010110001101010001101111000111000111110010101100110101001 1010011000110011110010100000111000111110000011010101001101110111101111110111011000100110011000111100
1110000101000000101010101011101000011011100010110001101010001101111000111000111110010101100110101001 1010011000110011110010100000111000111110000011010101001101110111101111110111011000100110011000111100
1110000101000000101010101011101000011011100010110001101010001101111000111000111110010101100110101001 1010011000110011110010100000111000111110000011010101001101110111101111110111011000100110011000111100
1110000101000000101010101011101000011011100010110001101010001101111000111000111110010101100110101001 1010011000110011110010100000111000111110000011010101001101110111101111110111011000100110011000111100
1110000101000000101010101011101000011011100010110001101010001101111000111000111110010101100110101001 1010011000110011110010100000111000111110000011010101001101110111101111110111011000100110011000111100
1110000101000000101010101011101000011011100010110001101010001101111000111000111110010101100110101001 1010011000110011110010100000111000111110000011010101001101110111101111110111011000100110011000111100
1110000101000000101010101011101000011011100010110001101010001101111000111000111110010101100110101001 1010011000110011110010100000111000111110000011010101001101110111101111110111011000100110011000111100
1110000101000000101010101011101000011011100010110001101010001101111000111000111110010101100110101001 1010011000110011110010100000111000111110000011010101001101110111101111110111011000100110011000111100
1110000101000000101010101011101000011011100010110001101010001101111000111000111110010101100110101001 1010011000110011110010100000111000111110000011010101001101110111101111110111011000100110011000111100
1110000101000000101010101011101000011011100010110001101010001101111000111000111110010101100110101001 1010011000110011110010100000111000111110000011010101001101110111101111110111011000100110011000111100
1110000101000000101010101011101000011011100010110001101010001101111000111000111110010101100110101001 1010011000110011110010100000111000111110000011010101001101110111101111110111011000100110011000111100
1110000101000000101010101011101000011011100010110001101010001101111000111000111110010101100110101001 1010011000110011110010100000111000111110000011010101001101110111101111110111011000100110011000111100
1110000101000000101010101011101000011011100010110001101010001101111000111000111110010101100110101001 1010011000110011110010100000111000111110000011010101001101110111101111110111011000100110011000111100
1110000101000000101010101011101000011011100010110001101010001101111000111000111110010101100110101001 1010011000110011110010100000111000111110000011010101001101110111101111110111011000100110011000111100
1110000101000000101010101011101000011011100010110001101010001101111000111000111110010101100110101001 1010011000110011110010100000111000111110000011010101001101110111101111110111011000100110011000111100
1110000101000000101010101011101000011011100010110001101010001101111000111000111110010101100110101001 1010011000110011110010100000111000111110000011010101001101110111101111110111011000100110011000111100
1110000101000000101010101011101000011011100010110001101010001101111000111000111110010101100110101001 1010011000110011110010100000111000111110000011010101001101110111101111110111011000100110011000111100
1110000101000000101010101011101000011011100010110001101010001101111000111000111110010101100110101001 1010011000110011110010100000111000111110000011010101001101110111101111110111011000100110011000111100
1110000101000000101010101011101000011011100010110001101010001101111000111000111110010101100110101001 1010011000110011110010100000111000111110000011010101001101110111101111110111011000100110011000111100
1110000101000000101010101011101000011011100010110001101010001101111000111000111110010101100110101001 1010011000110011110010100000111000111110000011010101001101110111101111110111011000100110011000111100
1110000101000000101010101011101000011011100010110001101010001101111000111000111110010101100110101001 1010011000110011110010100000111000111110000011010101001101110111101111110111011000100110011000111100
1110000101000000101010101011101000011011100010110001101010001101111000111000111110010101100110101001 1010011000110011110010100000111000111110000011010101001101110111101111110111011000100110011000111100
1110000101000000101010101011101000011011100010110001101010001101111000111000111110010101100110101001 1010011000110011110010100000111000111110000011010101001101110111101111110111011000100110011000111100
1110000101000000101010101011101000011011100010110001101010001101111000111000111110010101100110101001 1010011000110011110010100000111000111110000011010101001101110111101111110111011000100110011000111100
1110000101000000101010101011101000011011100010110001101010001101111000111000111110010101100110101001 1010011000110011110010100000111000111110000011010101001101110111101111110111011000100110011000111100
1110000101000000101010101011101000011011100010110001101010001101111000111000111110010101100110101001 1010011000110011110010100000111000111110000011010101001101110111101111110111011000100110011000111100
1110000101000000101010101011101000011011100010110001101010001101111000111000111110010101100110101001 1010011000110011110010100000111000111110000011010101001101110111101111110111011000100110011000111100
1110000101000000101010101011101000011011100010110001101010001101111000111000111110010101100110101001 1010011000110011110010100000111000111110000011010101001101110111101111110111011000100110011000111100
1110000101000000101010101011101000011011100010110001101010001101111000111000111110010101100110101001 1010011000110011110010100000111000111110000011010101001101110111101111110111011000100110011000111100
1110000101000000101010101011101000011011100010110001101010001101111000111000111110010101100110101001 1010011000110011110010100000111000111110000011010101001101110111101111110111011000100110011000111100
1110000101000000101010101011101000011011100010110001101010001101111000111000111110010101100110101001 1010011000110011110010100000111000111110000011010101001101110111101111110111011000100110011000111100
1110000101000000101010101011101000011011100010110001101010001101111000111000111110010101100110101001 1010011000110011110010100000111000111110000011010101001101110111101111110111011000100110011000111100
1110000101000000101010101011101000011011100010110001101010001101111000111000111110010101100110101001 1010011000110011110010100000111000111110000011010101001101110111101111110111011000100110011000111100
1110000101000000101010101011101000011011100010110001101010001101111000111000111110010101100110101001 1010011000110011110010100000111000111110000011010101001101110111101111110111011000100110011000111100
1110000101000000101010101011101000011011100010110001101010001101111000111000111110010101100110101001 1010011000110011110010100000111000111110000011010101001101110111101111110111011000100110011000111100
1110000101000000101010101011101000011011100010110001101010001101111000111000111110010101100110101001 1010011000110011110010100000111000111110000011010101001101110111101111110111011000100110011000111100
1110000101000000101010101011101000011011100010110001101010001101111000111000111110010101100110101001 1010011000110011110010100000111000111110000011010101001101110111101111110111011000100110011000111100
1110000101000000101010101011101000011011100010110001101010001101111000111000111110010101100110101001 1010011000110011110010100000111000111110000011010101001101110111101111110111011000100110011000111100
1110000101000000101010101011101000011011100010110001101010001101111000111000111110010101100110101001 1010011000110011110010100000111000111110000011010101001101110111101111110111011000100110011000111100
1110000101000000101010101011101000011011100010110001101010001101111000111000111110010101100110101001 1010011000110011110010100000111000111110000011010101001101110111101111110111011000100110011000111100
1110000101000000101010101011101000011011100010110001101010001101111000111000111110010101100110101001 1010011000110011110010100000111000111110000011010101001101110111101111110111011000100110011000111100
1110000101000000101010101011101000011011100010110001101010001101111000111000111110010101100110101001 1010011000110011110010100000111000111110000011010101001101110111101111110111011000100110011000111100
1110000101000000101010101011101000011011100010110001101010001101111000111000111110010101100110101001 1010011000110011110010100000111000111110000011010101001101110111101111110111011000100110011000111100
1110000101000000101010101011101000011011100010110001101010001101111000111000111110010101100110101001 1010011000110011110010100000111000111110000011010101001101110111101111110111011000100110011000111100
1110000101000000101010101011101000011011100010110001101010001101111000111000111110010101100110101001 1010011000110011110010100000111000111110000011010101001101110111101111110111011000100110011000111100
1110000101000000101010101011101000011011100010110001101010001101111000111000111110010101100110101001 1010011000110011110010100000111000111110000011010101001101110111101111110111011000100110011000111100
1110000101000000101010101011101000011011100010110001101010001101111000111000111110010101100110101001 1010011000110011110010100000111000111110000011010101001101110111101111110111011000100110011000111100
