100
2 2
0.50 0.50
4 2
0.00 0.00 1.00 1.00
3 2
0.50 0.75 1.00
16 6
0.67 0.65 0.60 0.70 0.66 0.68 0.61 0.69 0.09 0.10 0.07 0.62 0.06 0.66 0.69 0.65
8 6
1.00 1.00 1.00 1.00 1.00 1.00 0.00 1.00
16 2
0.49 0.49 0.50 0.49 0.49 0.50 0.49 0.51 0.50 0.49 0.50 0.50 0.50 0.50 0.49 0.51
4 2
0.00 0.02 0.00 0.00
12 4
0.81 0.45 0.95 0.11 0.10 0.64 0.57 0.52 0.67 0.86 0.60 0.26
16 8
0.58 0.62 0.63 0.44 0.54 0.54 0.43 0.53 0.34 0.52 0.50 0.38 0.59 0.39 0.49 0.35
4 2
0.00 1.00 0.98 1.00
16 10
0.36 0.30 0.51 0.49 0.63 0.62 0.51 0.32 0.43 0.62 0.50 0.28 0.63 0.48 0.57 0.32
3 2
0.04 0.02 0.01
16 6
0.72 0.04 0.81 0.27 0.66 0.27 0.80 0.57 0.04 0.30 0.11 0.32 0.34 0.60 0.53 0.66
8 6
0.00 1.00 1.00 1.00 1.00 0.00 1.00 0.00
8 4
1.00 1.00 0.00 1.00 1.00 0.00 0.00 0.00
16 10
0.49 0.38 0.59 0.51 0.54 0.55 0.45 0.47 0.34 0.57 0.37 0.37 0.42 0.40 0.58 0.58
12 8
0.58 0.58 0.50 0.53 0.56 0.15 0.02 0.10 0.24 0.44 0.75 0.16
8 4
0.00 0.00 1.00 1.00 0.00 1.00 1.00 1.00
3 2
0.80 0.50 0.10
3 2
0.50 0.50 0.50
16 2
0.00 0.00 0.02 0.02 0.02 0.00 0.02 0.01 0.00 0.02 0.02 0.02 0.01 0.02 0.02 0.01
16 8
0.68 0.69 0.67 0.63 0.64 0.63 0.09 0.64 0.02 0.70 0.60 0.61 0.06 0.06 0.70 0.63
16 2
0.67 0.69 0.61 0.69 0.10 0.60 0.03 0.69 0.69 0.03 0.67 0.69 0.62 0.61 0.64 0.02
8 2
0.00 1.00 1.00 1.00 0.00 1.00 1.00 0.00
16 8
0.69 0.02 0.00 0.00 0.01 0.01 0.68 0.72 0.02 0.91 0.56 0.95 0.76 0.00 0.00 0.64
8 2
1.00 1.00 1.00 1.00 1.00 0.00 1.00 1.00
16 14
0.02 0.02 0.00 0.00 0.02 0.00 0.01 0.02 0.01 0.00 0.00 0.02 0.02 0.01 0.02 0.00
16 2
0.61 0.45 0.46 0.43 0.69 0.39 0.69 0.43 0.62 0.35 0.40 0.63 0.36 0.54 0.58 0.70
8 4
1.00 1.00 1.00 1.00 1.00 1.00 1.00 1.00
8 2
0.00 0.00 1.00 1.00 0.00 1.00 1.00 0.00
8 4
1.00 0.00 1.00 1.00 1.00 0.00 1.00 1.00
16 12
0.62 0.69 0.63 0.07 0.67 0.69 0.66 0.61 0.04 0.63 0.61 0.00 0.69 0.08 0.66 0.61
16 14
0.06 0.05 0.62 0.01 0.06 0.06 0.70 0.09 0.65 0.02 0.04 0.05 0.00 0.08 0.69 0.05
2 2
0.50 0.00
4 4
0.00 0.00 1.00 1.00
16 10
0.45 0.57 0.49 0.56 0.34 0.58 0.51 0.40 0.42 0.47 0.37 0.38 0.59 0.58 0.37 0.54
16 14
0.51 0.50 0.51 0.50 0.49 0.50 0.50 0.51 0.50 0.51 0.50 0.50 0.50 0.49 0.50 0.51
16 8
0.07 0.03 0.86 0.08 0.03 0.98 0.04 0.03 0.08 0.21 0.87 0.12 0.27 0.06 0.32 0.69
16 12
0.08 0.09 0.63 0.07 0.03 0.02 0.01 0.06 0.64 0.04 0.03 0.62 0.08 0.05 0.03 0.61
16 8
0.01 0.02 0.01 0.00 0.00 0.01 0.24 0.01 0.14 0.31 0.10 0.37 0.00 0.48 0.00 0.17
4 2
0.00 0.02 0.00 1.00
12 8
0.48 0.35 0.22 0.84 0.61 0.70 0.29 0.35 0.39 0.39 0.93 0.80
16 10
1.00 0.99 1.00 0.99 0.98 0.98 0.98 0.99 0.98 1.00 0.98 1.00 0.99 0.99 1.00 1.00
16 14
0.98 0.30 1.00 0.78 0.58 0.38 0.54 0.24 0.07 0.45 0.85 0.51 0.31 0.90 0.58 0.39
16 6
0.51 0.51 0.50 0.51 0.51 0.49 0.49 0.49 0.49 0.50 0.49 0.50 0.49 0.49 0.50 0.51
2 2
0.45 0.05
16 8
0.95 0.94 0.07 0.10 0.10 0.94 0.09 0.98 0.01 0.06 0.93 0.90 0.91 0.04 0.91 0.08
16 10
0.33 0.93 0.03 0.24 0.12 0.44 0.70 0.33 0.61 0.52 0.89 0.71 0.02 0.07 0.93 0.81
8 6
1.00 1.00 1.00 0.00 1.00 0.00 1.00 1.00
16 14
0.07 0.65 0.64 0.09 0.60 0.67 0.64 0.00 0.69 0.66 0.68 0.61 0.65 0.63 0.60 0.09
16 14
0.47 0.62 0.61 0.38 0.68 0.54 0.66 0.34 0.31 0.54 0.55 0.47 0.35 0.34 0.62 0.70
4 2
0.00 0.00 0.00 0.00
8 6
1.00 0.00 0.00 0.00 1.00 1.00 1.00 0.00
4 2
0.00 1.00 1.00 1.00
16 6
1.00 0.98 0.99 0.99 0.99 0.98 0.98 0.99 0.98 1.00 1.00 0.98 0.98 1.00 0.98 0.98
16 6
0.00 0.00 0.00 0.00 0.01 0.01 0.00 0.02 0.00 0.00 0.00 0.02 0.00 0.01 0.00 0.01
16 8
0.99 0.77 0.98 1.00 0.76 0.70 0.99 0.98 0.98 0.61 0.99 0.99 0.56 0.76 0.85 0.62
4 2
0.01 0.01 0.99 0.98
16 6
0.09 0.06 0.67 0.60 0.03 0.62 0.08 0.02 0.03 0.03 0.69 0.06 0.04 0.05 0.09 0.05
8 2
1.00 1.00 1.00 1.00 1.00 1.00 1.00 1.00
16 8
0.99 0.98 0.98 0.41 0.08 0.00 0.98 0.22 0.03 0.99 0.02 0.99 0.26 1.00 0.98 0.22
16 10
0.51 0.39 0.40 0.42 0.32 0.44 0.44 0.67 0.70 0.67 0.54 0.66 0.62 0.38 0.70 0.54
16 14
0.99 0.99 1.00 0.99 0.98 1.00 0.99 0.98 0.99 0.98 0.98 0.99 1.00 1.00 1.00 0.99
16 8
0.68 0.01 0.85 0.02 0.73 0.02 0.01 0.83 0.02 0.88 0.96 0.00 0.51 0.00 0.01 0.58
16 8
0.06 0.00 0.92 0.94 0.05 0.98 0.95 0.98 0.04 0.06 0.99 0.94 0.97 0.00 0.10 0.09
3 2
1.00 0.00 0.00
16 8
1.00 1.00 0.33 1.00 0.98 0.24 0.48 0.29 1.00 1.00 0.34 0.99 0.28 0.98 0.21 0.50
4 4
0.50 0.50 0.50 0.50
16 2
0.10 0.06 0.05 0.62 0.66 0.05 0.09 0.05 0.04 0.04 0.63 0.08 0.65 0.02 0.09 0.00
3 2
0.60 0.40 0.50
16 4
0.60 0.70 0.67 0.66 0.62 0.08 0.66 0.04 0.68 0.60 0.06 0.07 0.61 0.70 0.61 0.66
3 2
0.80 0.50 0.30
16 8
0.58 0.63 0.52 0.36 0.38 0.49 0.59 0.54 0.53 0.34 0.44 0.62 0.39 0.54 0.43 0.50
16 8
0.11 0.59 0.25 0.08 0.49 0.25 0.06 0.01 0.88 0.08 0.36 0.37 0.00 0.03 0.09 0.05
16 8
0.07 0.93 0.91 0.02 0.95 0.02 0.92 0.90 0.92 0.00 0.05 0.06 0.99 0.06 0.06 0.99
4 4
0.98 0.01 0.99 0.01
16 6
0.50 0.68 0.52 0.35 0.41 0.31 0.40 0.52 0.53 0.46 0.64 0.37 0.40 0.69 0.60 0.60
16 8
0.51 0.49 0.50 0.51 0.48 0.50 0.48 0.47 0.51 0.47 0.47 0.47 0.47 0.47 0.47 0.48
8 4
1.00 1.00 1.00 1.00 1.00 1.00 0.00 1.00
16 4
0.10 0.03 0.03 0.08 0.07 0.00 0.09 0.09 0.00 0.62 0.09 0.61 0.02 0.69 0.68 0.07
16 8
0.48 0.47 0.50 0.47 0.47 0.47 0.50 0.49 0.51 0.48 0.50 0.51 0.48 0.47 0.47 0.47
16 10
0.05 0.67 0.60 0.07 0.69 0.69 0.60 0.61 0.06 0.61 0.70 0.62 0.68 0.63 0.10 0.63
8 6
1.00 1.00 1.00 1.00 1.00 1.00 1.00 1.00
16 8
0.00 0.24 0.34 0.01 0.00 0.01 0.00 0.32 0.38 0.01 0.19 0.02 0.36 0.49 0.00 0.50
16 10
0.49 0.49 0.51 0.49 0.50 0.51 0.51 0.50 0.50 0.51 0.50 0.49 0.49 0.49 0.49 0.49
4 2
0.00 1.00 0.00 0.00
16 8
0.47 0.45 0.50 0.48 0.46 0.45 0.51 0.52 0.47 0.46 0.51 0.45 0.45 0.47 0.49 0.52
16 10
0.49 0.62 0.63 0.32 0.63 0.28 0.50 0.57 0.32 0.51 0.52 0.62 0.43 0.30 0.48 0.36
2 2
0.00 1.00
16 2
0.82 0.41 0.31 0.07 0.30 0.46 0.23 0.96 0.51 0.45 0.46 0.44 0.82 0.21 0.41 0.11
16 2
0.98 0.99 1.00 0.99 0.98 0.99 0.98 0.98 0.98 1.00 1.00 1.00 1.00 0.98 0.99 0.99
16 8
0.09 0.66 0.10 0.01 0.62 0.01 0.04 0.02 0.05 0.68 0.09 0.04 0.10 0.04 0.70 0.06
16 10
0.02 0.01 0.01 0.02 0.02 0.01 0.01 0.00 0.00 0.00 0.01 0.01 0.00 0.02 0.00 0.02
2 2
0.00 0.00
2 2
1.00 1.00
8 2
1.00 0.00 1.00 1.00 1.00 1.00 0.00 1.00
16 8
0.06 0.84 0.96 0.23 0.08 0.02 0.83 0.94 0.08 0.98 0.04 0.06 0.09 0.27 0.72 0.01
16 8
0.87 1.00 0.96 0.99 0.91 1.00 0.99 0.98 1.00 0.89 0.56 0.92 1.00 0.98 0.80 0.99
16 10
0.02 0.05 0.02 0.69 0.05 0.02 0.05 0.02 0.05 0.06 0.61 0.09 0.65 0.61 0.08 0.05
16 8
0.49 0.45 0.48 0.51 0.51 0.47 0.45 0.46 0.49 0.45 0.47 0.47 0.45 0.52 0.46 0.52
