20
14 0.572 0.439 0.467 0.725 0.471 0.556 0.085
86 0.579 0.110 0.861 0.275 0.848 0.350 0.123
5 0.360 0.102 0.939 0.331 0.806 0.837 0.328
29 0.767 0.586 0.279 0.921 0.407 0.019 0.732
12 0.743 0.714 0.911 0.552 0.964 0.776 0.356
1 0.800 0.100 0.500 0.500 0.500 0.500 0.500
86 0.893 0.699 0.423 0.734 0.127 0.997 0.018
41 0.433 0.015 0.159 0.938 0.137 0.191 0.507
47 0.919 0.906 0.703 0.151 0.851 0.311 0.505
65 0.477 0.013 0.439 0.346 0.125 0.582 0.894
2 0.600 0.200 0.500 0.100 1.000 0.100 1.000
1 1.000 0.000 1.000 1.000 1.000 1.000 1.000
71 0.649 0.181 0.358 0.197 0.773 0.810 0.348
34 0.464 0.371 0.105 0.424 0.121 0.433 0.857
92 0.851 0.655 0.970 0.768 0.448 0.576 0.394
99 0.753 0.662 0.810 0.984 0.645 0.511 0.015
17 0.706 0.216 0.713 0.435 0.885 0.951 0.396
83 0.449 0.407 0.053 0.078 0.212 0.345 0.121
13 0.600 0.495 0.830 0.178 0.768 0.678 0.387
50 0.718 0.450 0.928 0.207 0.675 0.390 0.937
