40
10 1 4 1 2
4 6 1
6 9 2
12 1 2 4 1
6 12 1
20 1 3 20 5
0 4 5
4 8 4
8 12 3
12 16 2
16 20 1
12 1 2 2 1
6 12 1
12 1 2 3 1
6 12 1
12 1 2 5 1
6 12 1
12 1 2 6 1
6 12 1
100 3 7 5 1
0 100 10
100 1 10 1 20
0 5 40
5 10 50
10 15 40
15 20 50
20 25 40
25 30 50
30 35 40
35 40 50
40 45 40
45 50 50
50 55 40
55 60 50
60 65 40
65 70 50
70 75 40
75 80 50
80 85 40
85 90 50
90 95 40
95 100 45
1 2 8 1 1
0 1 7
100 5 12 1 1
78 100 3
100 1 2 16 20
17 20 4
23 27 2
31 35 3
35 37 3
37 38 1
38 39 4
39 44 4
53 54 2
58 60 3
60 61 1
62 65 4
65 71 1
77 78 4
79 82 1
83 86 2
90 93 2
93 94 3
94 96 3
96 97 2
97 100 3
100 7 21 4 20
0 2 27
3 5 20
5 6 11
9 10 22
10 11 11
13 17 7
17 20 16
28 29 12
31 32 27
41 42 11
42 43 6
43 44 7
48 50 19
61 65 11
65 70 14
75 77 7
77 80 22
84 85 18
85 87 1
88 91 16
100 1 2 64 20
2 3 1
4 5 5
5 6 2
6 7 2
7 8 1
8 9 6
11 12 2
19 25 3
25 28 3
28 29 4
29 31 5
31 32 3
39 45 4
52 53 5
56 57 2
72 75 4
78 79 5
81 84 4
84 89 5
92 94 2
100 20 52 100 20
7 10 39
27 30 4
34 35 25
35 36 23
39 40 41
40 45 54
47 52 37
53 55 31
60 62 28
62 63 53
63 64 58
68 69 30
73 74 38
74 77 7
77 78 39
80 81 36
81 82 43
82 86 31
94 96 28
96 99 58
96 1 2 38 3
10 55 2
55 78 1
78 83 1
60 17 100 1 1
45 60 71
100 3 5 6 20
6 7 4
7 9 3
14 20 5
22 23 3
23 24 5
24 25 2
35 39 3
41 43 5
45 46 4
59 60 2
65 66 3
70 71 4
71 74 4
74 75 4
75 76 4
81 82 2
83 84 1
91 93 2
97 98 1
98 100 1
100 5 15 5 20
8 11 8
11 20 27
20 21 3
21 25 3
30 33 37
33 34 28
34 35 18
40 41 14
48 51 14
51 53 30
56 62 2
62 64 11
64 65 24
66 74 1
74 75 2
78 84 27
88 89 11
93 97 6
97 98 7
98 100 16
100 1 2 53 20
4 5 1
6 7 2
7 10 1
15 16 3
19 23 3
23 25 2
36 38 1
38 43 1
52 54 1
56 59 3
60 65 1
67 68 2
68 69 3
74 76 3
76 77 3
77 78 1
81 82 1
82 83 2
87 88 2
89 100 2
100 1 14 100 20
2 3 7
4 7 12
9 13 7
15 18 10
20 25 3
28 29 2
36 37 8
41 47 4
47 49 11
50 57 13
57 58 15
60 61 10
61 62 5
63 64 8
64 69 4
69 70 11
70 71 15
78 79 4
87 89 10
96 98 11
57 1 2 24 16
0 2 2
2 6 2
6 11 2
11 12 2
12 16 1
16 22 1
22 24 1
24 28 1
28 30 2
34 35 2
35 39 2
39 40 1
40 47 1
47 49 2
52 54 2
54 55 1
68 91 100 1 7
3 9 44
10 20 78
20 26 4
46 57 97
57 58 73
58 61 39
65 68 90
100 1 3 9 20
0 3 4
5 6 4
6 7 2
7 10 4
24 27 2
30 34 3
40 41 1
41 42 2
42 50 1
50 52 4
59 60 4
60 61 1
62 63 1
64 65 1
65 68 1
73 77 1
77 78 4
91 95 1
96 99 4
99 100 1
100 3 9 9 20
1 3 5
4 5 5
12 14 1
14 15 3
15 20 6
23 30 4
30 33 8
33 34 1
41 44 4
46 48 8
48 49 2
49 51 3
51 55 2
55 57 3
57 61 7
68 72 7
72 74 8
85 89 1
94 95 4
95 99 9
100 2 12 22 20
14 16 4
18 22 6
22 25 13
25 27 7
30 31 7
31 45 10
45 48 3
48 53 11
55 56 15
62 65 17
65 67 11
75 78 5
78 79 13
79 81 14
81 82 6
85 88 16
88 90 3
90 94 15
97 98 10
98 100 3
100 5 12 100 20
16 17 8
17 20 7
20 22 6
22 23 12
25 30 9
30 33 11
33 34 8
34 37 16
37 38 3
38 41 11
44 49 11
51 52 17
52 55 7
55 58 7
72 75 7
77 78 2
81 85 4
85 88 8
88 90 1
98 100 6
78 1 2 35 16
1 8 2
13 14 2
20 22 1
22 26 2
26 29 2
31 33 1
35 37 2
37 41 1
41 45 1
45 46 2
46 54 1
63 67 1
67 71 2
71 72 1
72 77 1
77 78 2
88 8 100 1 2
24 50 42
84 88 81
54 16 29 1 6
1 14 15
14 29 55
29 31 55
32 35 49
37 53 52
53 54 54
90 2 55 4 1
72 90 2
83 4 14 6 7
3 7 10
7 13 9
17 20 14
21 37 11
38 44 6
44 49 1
49 75 13
53 1 8 7 3
17 40 3
40 48 10
48 49 5
84 11 36 2 18
0 2 42
2 7 8
7 8 30
8 9 60
9 12 48
12 18 6
18 19 32
19 23 44
23 26 26
30 31 57
31 33 36
34 35 49
42 45 42
45 56 42
56 60 28
73 81 23
81 82 16
82 84 21
77 1 6 15 15
0 4 4
4 5 4
5 7 7
10 12 1
12 23 4
23 27 5
27 34 4
34 41 2
41 44 2
44 50 3
50 51 3
51 52 1
52 73 7
73 76 4
76 77 4
93 5 9 6 20
1 3 19
3 6 19
12 19 10
19 22 19
22 26 10
26 27 5
27 28 17
28 31 20
31 33 14
33 35 18
35 40 6
40 43 13
47 49 11
50 57 1
57 62 10
68 71 17
71 79 18
79 82 1
87 89 17
89 93 6
78 3 4 16 4
20 47 2
47 48 4
48 53 2
69 72 1
55 3 4 9 3
8 18 2
18 46 3
46 55 5
92 2 5 16 8
16 35 1
50 57 8
57 58 1
58 66 6
66 67 1
67 68 1
69 73 5
73 76 3
86 2 3 22 13
21 29 3
29 35 1
35 39 2
44 47 4
47 50 4
50 59 1
63 65 2
65 68 3
68 69 1
69 73 1
73 75 4
77 79 1
84 86 1
