40
10 1 4 1 2
4 6 1
6 9 2
12 1 2 4 1
6 12 1
20 1 3 20 5
0 4 5
4 8 4
8 12 3
12 16 2
16 20 1
12 1 2 2 1
6 12 1
12 1 2 3 1
6 12 1
12 1 2 5 1
6 12 1
12 1 2 6 1
6 12 1
100 3 7 5 1
0 100 10
100 1 10 1 20
0 5 40
5 10 50
10 15 40
15 20 50
20 25 40
25 30 50
30 35 40
35 40 50
40 45 40
45 50 50
50 55 40
55 60 50
60 65 40
65 70 50
70 75 40
75 80 50
80 85 40
85 90 50
90 95 40
95 100 45
1 2 3 1 1
0 1 11
100 2 3 1 1
26 100 1
100 12 14 4 20
2 3 8
7 9 3
10 13 2
13 17 12
30 31 15
31 32 4
32 33 16
33 34 2
37 43 7
44 48 7
48 52 12
55 63 8
64 66 18
66 68 17
68 69 12
79 81 17
82 90 16
90 94 6
97 99 2
99 100 2
100 4 12 7 20
9 11 12
11 12 9
12 16 1
20 21 9
21 23 11
41 44 8
46 47 9
47 48 4
48 49 3
50 51 7
62 63 5
63 64 9
72 73 8
73 75 8
75 78 3
80 85 6
85 86 10
86 88 6
88 90 4
90 98 8
100 39 73 1 20
12 13 73
13 15 20
15 16 72
16 20 21
26 28 62
28 32 86
32 37 19
37 38 8
45 49 27
50 52 32
53 54 16
54 56 86
56 61 30
61 62 89
62 69 41
69 70 48
80 81 67
83 84 60
84 85 21
86 88 40
100 4 65 100 20
7 13 84
17 18 73
19 21 6
21 24 68
24 26 5
26 27 25
31 32 33
37 42 62
47 51 22
53 57 63
57 62 78
62 63 72
70 72 23
72 74 80
74 75 11
75 76 40
76 77 69
88 90 41
97 98 36
98 100 60
87 1 2 35 13
12 13 1
13 18 2
18 19 2
19 21 2
21 24 2
24 31 2
35 40 1
40 45 1
45 50 1
50 54 2
60 67 2
71 72 2
80 82 1
64 39 100 1 8
4 5 52
15 19 79
19 23 34
23 33 56
33 35 80
35 39 12
45 49 43
62 64 25
100 18 40 2 20
4 5 14
5 15 27
27 30 40
30 31 27
31 32 4
32 33 7
33 34 10
34 35 20
35 36 35
36 37 17
37 38 42
40 43 22
58 60 39
63 67 36
77 81 25
81 82 6
82 84 22
89 90 15
90 93 34
98 100 33
100 2 13 10 20
8 9 13
10 11 9
14 15 13
15 17 9
17 18 10
18 20 2
32 33 12
37 38 13
39 43 9
43 50 3
59 65 3
65 66 10
69 70 12
70 71 6
71 72 6
72 73 4
73 76 13
76 81 6
87 88 8
88 89 10
100 1 13 16 20
0 5 27
5 6 1
10 11 18
12 13 15
15 16 1
16 17 15
17 18 10
22 23 26
28 29 32
29 32 8
32 40 33
41 42 25
47 51 24
64 65 17
68 70 33
70 71 32
71 72 30
78 80 11
80 82 25
94 98 3
100 2 5 100 20
4 6 1
7 13 4
13 17 1
17 18 4
20 21 5
24 25 5
25 26 4
32 33 3
33 34 2
34 36 3
45 51 5
51 56 3
56 57 2
57 60 4
60 63 4
64 65 4
65 68 5
71 83 3
84 92 2
97 98 4
61 1 2 23 10
2 3 2
9 18 1
18 25 2
30 35 2
39 41 2
43 49 1
49 50 2
50 52 1
52 59 2
59 61 2
95 82 100 1 13
3 4 18
5 15 44
15 21 73
26 29 51
29 35 19
35 39 98
39 41 5
48 61 5
61 69 85
69 76 88
79 80 81
80 83 65
83 91 36
100 7 76 1 20
0 1 15
1 5 31
5 7 32
7 13 67
14 23 28
23 25 71
31 32 35
36 40 36
40 41 47
41 43 5
49 52 54
52 53 60
65 67 65
75 80 67
82 83 58
84 88 7
88 91 10
91 92 9
92 93 61
97 100 37
100 7 46 1 20
0 1 67
4 7 72
7 8 1
10 13 69
14 15 50
15 19 10
22 24 56
26 27 24
28 30 10
30 31 46
31 34 23
44 46 19
61 62 44
70 73 25
73 74 51
74 75 9
75 79 23
79 88 65
93 96 6
97 100 59
100 2 12 23 20
9 10 33
10 13 51
13 14 49
14 15 26
15 16 42
16 26 66
28 29 59
29 31 73
31 33 52
33 36 60
36 37 46
49 51 49
51 52 24
57 59 47
59 60 24
60 70 12
71 72 59
84 85 31
98 99 68
99 100 58
100 4 16 100 20
2 4 18
5 9 4
9 10 17
17 19 1
19 20 17
20 21 16
21 22 1
23 24 11
24 25 10
25 29 17
29 32 6
32 36 5
36 40 18
40 42 6
44 47 9
49 53 16
60 66 14
70 73 9
77 82 6
98 99 3
85 1 2 36 14
1 2 1
13 16 1
16 22 1
22 24 1
25 26 1
26 29 2
36 38 1
45 52 2
59 60 1
60 71 2
71 74 2
74 75 1
75 77 1
82 85 1
91 65 100 1 4
2 9 90
31 47 45
47 50 80
78 91 93
63 24 82 1 7
13 18 46
18 19 21
19 24 23
24 33 67
33 45 55
46 47 27
49 60 38
80 6 11 7 2
33 34 16
34 42 3
89 4 5 13 10
0 15 4
15 16 1
18 27 9
27 44 4
44 45 7
45 49 2
61 65 3
71 76 6
87 88 6
88 89 10
59 5 8 5 17
4 5 4
5 11 14
14 15 7
19 21 17
24 25 8
26 34 13
34 35 4
36 38 17
38 39 3
39 40 10
40 43 6
43 49 17
50 51 8
51 52 12
53 54 12
54 55 12
58 59 5
63 2 3 18 1
49 63 3
83 3 6 11 12
2 11 1
11 22 1
24 25 2
25 26 4
26 32 2
40 43 9
45 50 4
51 60 6
69 70 10
70 73 6
73 76 10
78 81 8
65 3 19 2 20
3 4 5
11 12 18
12 14 16
17 20 12
20 22 1
22 23 15
24 25 10
25 27 18
27 28 2
28 30 15
31 32 12
32 33 9
33 34 14
34 36 15
40 41 9
41 42 17
45 47 7
52 55 17
55 56 16
59 64 10
87 2 3 25 11
4 15 2
18 20 2
20 23 2
23 25 3
33 36 2
36 37 1
37 42 3
55 56 1
56 57 1
68 69 1
69 78 2
79 3 45 1 14
22 26 34
26 27 56
27 28 33
28 29 60
29 30 53
30 44 19
47 48 65
48 51 78
51 65 55
65 67 65
67 68 51
68 71 44
71 76 69
76 79 57
91 1 2 33 16
5 10 2
12 18 1
18 24 3
24 25 2
27 32 1
32 34 3
34 39 1
39 46 3
49 53 3
53 57 3
58 60 2
62 68 1
68 71 1
71 72 1
86 90 1
90 91 2
94 21 32 2 16
2 6 26
6 8 61
9 10 40
11 14 35
15 21 68
36 40 65
40 41 81
41 46 79
46 50 85
66 70 31
70 77 31
77 78 33
78 80 44
80 81 46
81 87 71
90 94 15
