20
6 7 2
1111111
1122271
1211521
1329131
1242121
1122211
3 3 7
123
234
345
10 10 31
2988268637
4879433430
7065525228
2671619492
2401554910
9007779203
0290563403
8471528239
2312091211
7467635907
10 10 100
6978826701
7574656913
0307111071
4973323978
1651541771
9771451568
3793233794
9701117031
6196564751
8629471284
10 10 100
7482492661
4274938825
3915654075
8698867025
3873486561
0123600120
6067073097
5383641290
5219580692
8754651251
10 10 100
9924544548
6854342555
0353635625
5655833644
3853635646
3544566334
4344353554
9994455441
3270171089
3355486682
10 10 93
4338984406
7958765604
3723055688
4343237879
9927114912
2194117299
9787323434
8865503273
4065678597
6044898334
10 10 100
9999999999
9999999999
9999999999
9999999999
9999999999
9999999999
9999999999
9999999999
9999999999
9999999999
10 10 14
9463574250
9545354656
4436364554
3455544525
3605395726
2546461634
2355566253
1455574643
1854435565
0858185225
10 10 59
3313180145
6103528402
5669953999
2225453567
3247354649
0943635543
3756608458
5361572361
4947435644
5224374438
10 10 39
7568468558
4023134014
6245246257
9468457479
5134124014
7346346247
8569579577
4134025024
7336336336
8557458558
10 10 95
5606794880
8139975940
0678736341
8270861450
5330428934
9419484031
2139416573
7280324318
7220188882
9052295072
3 3 18
691
903
427
10 10 17
0333240252
5248534010
9636635698
4444653577
9356554890
9565444756
5525536272
1836631293
5844363068
7384486705
10 10 30
0802312431
2642560729
5553666956
5536354323
4732154647
3456544545
5547564190
6546351787
6532087033
8452268778
10 10 45
7918708377
7905328431
0028043019
7818881610
4896650413
7152086507
6777866927
1880647608
0905125776
6534310924
3 3 23
000
000
000
10 10 93
3844844558
3579322976
1686743304
8322728306
3330465862
4715589831
5349644494
2595532230
7898558653
7273257819
10 10 33
2922118552
7799995232
7596593790
9950246676
0880274037
7304720880
6766420599
0973956957
2325999977
2558112292
10 10 69
7458577459
4123013023
6246246346
7458468479
4034133014
5246237346
9559469468
4125134115
6236337346
9478568468
