20
6 7 2
1111111
1122271
1211521
1329131
1242121
1122211
3 3 7
123
234
345
10 10 97
7296330414
4017204018
3131215309
0843276692
0617787716
0296672348
1903512131
0810402710
7414033692
9864994199
10 10 100
4875861330
9245956691
8622511586
1368077200
4958963535
8310674944
5592609321
5620799272
7571838454
8098458502
10 10 82
9098867739
3243345736
0948803189
2999205352
5157938792
8937286402
4420468272
9339783977
8365350296
6810482070
10 10 94
3654538193
1272715531
5030126330
9694047878
1110583056
1084218153
3492019798
6299547874
7865599504
9500802793
10 10 36
0284524666
5274734188
3752461817
8110990249
0131474113
1732099094
5778164291
8134116538
0473446597
1469356047
10 10 37
7051575706
7675463646
0144523575
2365755256
0953417343
8395667344
5596441565
0186545458
2811247130
6865313025
10 10 36
1546011862
8635794063
2941272683
8223523970
7384852185
5812584837
0793253228
3862721492
3604975368
2681106451
10 10 83
4124015034
6346337247
7568458568
4124134024
5335256246
9468468477
4024014123
6346336247
7557567568
4134015124
10 10 9
3053723512
7087592301
2957846330
1627009352
7428177508
6493198031
2405107254
4387316069
0439779574
9989421146
3 3 25
395
430
268
3 3 37
000
000
000
10 10 54
7795575966
4573502257
7718553749
1490140966
5212574919
6989755131
2471498686
2386755146
2250156861
0079438208
10 10 92
8964573921
1326213686
7759185558
6594163585
8900534914
5123051708
7868474744
3245598982
5637152224
2148988584
10 10 100
9999999999
9999999999
9999999999
9999999999
9999999999
9999999999
9999999999
9999999999
9999999999
9999999999
10 10 6
9457120927
5555434554
0534254535
6545380435
8463637444
7516727255
5535455815
3544643335
2533254455
0544474442
10 10 5
4078528114
8418555267
9944358909
2445028117
1096317617
7167136901
7118205442
9098534499
7625558148
4118258704
10 10 60
9222406291
6702903336
3856238708
2582610360
1287867703
3077687821
0630162852
8078326583
6333092076
1926042229
10 10 17
1622312242
8546535845
4726446525
4564544497
4464356561
6453464549
5256733533
4834457348
5553465716
6880603869
