30
3
3 4
4 10
6 10
9
3
3 4
4 10
7 10
9
2
6 6
10 3
13
2
6 6
10 3
14
2
10 1000
100 10
110
23
10 91
11 12
12 55
13 71
14 53
15 80
16 64
17 59
18 81
19 93
20 55
30 10
40 10
41 28
42 61
43 81
44 84
45 22
46 95
47 80
48 48
49 58
50 85
60
99
10 96
11 31
12 66
14 75
15 58
17 80
18 24
19 96
20 58
30 10
40 10
41 43
43 64
44 19
45 36
46 37
48 86
49 28
50 69
60 10
70 10
72 67
73 61
74 20
76 48
77 40
78 52
79 56
80 52
90 10
100 10
101 21
103 15
104 85
105 11
107 11
108 79
109 87
110 23
120 10
130 10
131 56
132 36
134 23
135 17
136 19
138 51
139 32
140 35
150 10
160 10
161 49
162 61
163 70
164 15
167 13
168 77
169 80
170 33
180 10
190 10
192 44
193 29
194 91
195 90
196 27
197 28
199 14
200 34
210 10
220 10
221 70
223 14
224 62
225 99
226 37
227 97
228 50
230 34
240 10
250 10
251 100
252 99
253 42
254 72
255 64
257 29
258 46
259 45
260 10
270 10
271 19
272 32
273 46
275 16
276 49
278 74
279 70
280 95
290
2
10 10
11 10
20
99
138173 1000000
276252 138076
276254 138075
276256 138074
276258 138073
276260 138072
276262 138071
276264 138070
276266 138069
276268 138068
276270 138067
276272 138066
276274 138065
276276 138064
276278 138063
276280 138062
276282 138061
276284 138060
276286 138059
276288 138058
276290 138057
276292 138056
276294 138055
276296 138054
276298 138053
276300 138052
276302 138051
276304 138050
276306 138049
276308 138048
276310 138047
276312 138046
276314 138045
276316 138044
276318 138043
276320 138042
276322 138041
276324 138040
276326 138039
276328 138038
276330 138037
276332 138036
276334 138035
276336 138034
276338 138033
276340 138032
276342 138031
276344 138030
276346 138029
414360 138044
552404 138044
690354 137947
690356 137946
690358 137945
690360 137944
690362 137943
690364 137942
690366 137941
690368 137940
690370 137939
690372 137938
690374 137937
690376 137936
690378 137935
690380 137934
690382 137933
690384 137932
690386 137931
690388 137930
690390 137929
690392 137928
690394 137927
690396 137926
690398 137925
690400 137924
690402 137923
690404 137922
690406 137921
690408 137920
690410 137919
690412 137918
690414 137917
690416 137916
690418 137915
690420 137914
690422 137913
690424 137912
690426 137911
690428 137910
690430 137909
690432 137908
690434 137907
690436 137906
690438 137905
690440 137904
690442 137903
690444 137902
690446 137901
690448 137900
828348
99
64198 1000000
78939 765931
95121 952050
114511 703130
117960 919691
128390 64189
128392 64188
128394 64187
128396 64186
192579 64189
256768 64189
269271 509434
270158 824684
272106 731197
282355 775853
320951 64180
320953 64179
320955 64178
320957 64177
385132 64179
449311 64179
456944 792568
474114 640024
491754 669800
500860 882044
513484 64170
513486 64169
513488 64168
513490 64167
577657 64167
641824 64167
661063 839822
669408 855312
691221 697100
694220 812217
705985 64158
705987 64157
705989 64156
705991 64155
770143 64158
834301 64158
837256 745503
852358 971564
894758 723373
897668 792407
898453 64149
898455 64148
898457 64147
898459 64146
962605 64146
1026751 64146
1058321 675259
1068865 773662
1070900 663499
1079864 618024
1132971 53104
1132973 53103
1132975 53102
1132977 53101
1186077 53102
1239179 53102
1250748 666692
1252918 829778
1261320 677054
1265006 577670
1292275 53093
1292277 53092
1292279 53091
1292281 53090
1345369 53092
1398461 53092
1400875 579974
1436900 940697
1442393 753654
1446865 927062
1451547 53083
1451549 53082
1451551 53081
1451553 53080
1504632 53081
1557713 53081
1563778 790409
1565308 648838
1583994 554232
1598708 837920
1610788 53072
1610790 53071
1610792 53070
1610794 53069
1663862 53070
1716932 53070
1722058 948127
1725548 831109
1741495 943793
1750915 997165
1784892 33974
1784894 33973
1784896 33972
1784898 33971
1818869
99
591327 1000000
1182620 591290
1182622 591289
1182624 591288
1182626 591287
1182628 591286
1182630 591285
1182632 591284
1182634 591283
1182636 591282
1182638 591281
1182640 591280
1182642 591279
1182644 591278
1182646 591277
1182648 591276
1182650 591275
1182652 591274
1182654 591273
1773921 591279
2365200 591279
2956445 591242
2956447 591241
2956449 591240
2956451 591239
2956453 591238
2956455 591237
2956457 591236
2956459 591235
2956461 591234
2956463 591233
2956465 591232
2956467 591231
2956469 591230
2956471 591229
2956473 591228
2956475 591227
2956477 591226
2956479 591225
3547699 591230
4138929 591230
4730125 591193
4730127 591192
4730129 591191
4730131 591190
4730133 591189
4730135 591188
4730137 591187
4730139 591186
4730141 591185
4730143 591184
4730145 591183
4730147 591182
4730149 591181
4730151 591180
4730153 591179
4730155 591178
4730157 591177
4730159 591176
5321318 591193
5912511 591193
6503670 591156
6503672 591155
6503674 591154
6503676 591153
6503678 591152
6503680 591151
6503682 591150
6503684 591149
6503686 591148
6503688 591147
6503690 591146
6503692 591145
6503694 591144
6503696 591143
6503698 591142
6503700 591141
6503702 591140
6503704 591139
7094829 591152
7685982 591153
8277101 591116
8277103 591115
8277105 591114
8277107 591113
8277109 591112
8277111 591111
8277113 591110
8277115 591109
8277117 591108
8277119 591107
8277121 591106
8277123 591105
8277125 591104
8277127 591103
8277129 591102
8277131 591101
8277133 591100
8277135 591099
8868234
99
327145 1000000
654196 327048
654198 327047
654200 327046
654202 327045
654204 327044
654206 327043
654208 327042
654210 327041
654212 327040
654214 327039
654216 327038
654218 327037
654220 327036
654222 327035
654224 327034
654226 327033
654228 327032
654230 327031
654232 327030
654234 327029
654236 327028
654238 327027
654240 327026
654242 327025
654244 327024
654246 327023
654248 327022
654250 327021
654252 327020
654254 327019
654256 327018
654258 327017
654260 327016
654262 327015
654264 327014
654266 327013
654268 327012
654270 327011
654272 327010
654274 327009
654276 327008
654278 327007
654280 327006
654282 327005
654284 327004
654286 327003
654288 327002
654290 327001
981254 327037
1308292 327038
1635236 326941
1635238 326940
1635240 326939
1635242 326938
1635244 326937
1635246 326936
1635248 326935
1635250 326934
1635252 326933
1635254 326932
1635256 326931
1635258 326930
1635260 326929
1635262 326928
1635264 326927
1635266 326926
1635268 326925
1635270 326924
1635272 326923
1635274 326922
1635276 326921
1635278 326920
1635280 326919
1635282 326918
1635284 326917
1635286 326916
1635288 326915
1635290 326914
1635292 326913
1635294 326912
1635296 326911
1635298 326910
1635300 326909
1635302 326908
1635304 326907
1635306 326906
1635308 326905
1635310 326904
1635312 326903
1635314 326902
1635316 326901
1635318 326900
1635320 326899
1635322 326898
1635324 326897
1635326 326896
1635328 326895
1635330 326894
1962224
7
10 10
15 5
20 9
25 5
30 10
35 5
40 10
45
99
780796 1000000
1561578 780779
1561580 780778
1561582 780777
1561584 780776
1561586 780775
1561588 780774
1561590 780773
1561592 780772
2342358 780778
3123136 780778
3903900 780761
3903902 780760
3903904 780759
3903906 780758
3903908 780757
3903910 780756
3903912 780755
3903914 780754
4684666 780756
5465422 780756
6246164 780739
6246166 780738
6246168 780737
6246170 780736
6246172 780735
6246174 780734
6246176 780733
6246178 780732
7026907 780735
7807642 780735
8588363 780718
8588365 780717
8588367 780716
8588369 780715
8588371 780714
8588373 780713
8588375 780712
8588377 780711
9369087 780712
10149799 780712
10930497 780695
10930499 780694
10930501 780693
10930503 780692
10930505 780691
10930507 780690
10930509 780689
10930511 780688
11711194 780693
12491887 780693
13272566 780676
13272568 780675
13272570 780674
13272572 780673
13272574 780672
13272576 780671
13272578 780670
13272580 780669
14053248 780669
14833918 780670
15614574 780653
15614576 780652
15614578 780651
15614580 780650
15614582 780649
15614584 780648
15614586 780647
15614588 780646
16395228 780652
17175880 780652
17956518 780635
17956520 780634
17956522 780633
17956524 780632
17956526 780631
17956528 780630
17956530 780629
17956532 780628
18737154 780634
19517788 780634
20298408 780617
20298410 780616
20298412 780615
20298414 780614
20298416 780613
20298418 780612
20298420 780611
20298422 780610
21079030 780612
21859642 780612
22640240 780595
22640242 780594
22640244 780593
22640246 780592
22640248 780591
22640250 780590
22640252 780589
22640254 780588
23420842
3
5 5
7 5
9 5
21
99
507089 1000000
1014164 507072
1014166 507071
1014168 507070
1014170 507069
1014172 507068
1014174 507067
1014176 507066
1014178 507065
1521238 507070
2028308 507070
2535364 507053
2535366 507052
2535368 507051
2535370 507050
2535372 507049
2535374 507048
2535376 507047
2535378 507046
3042421 507049
3549470 507049
4056505 507032
4056507 507031
4056509 507030
4056511 507029
4056513 507028
4056515 507027
4056517 507026
4056519 507025
4563544 507025
5070569 507025
5577580 507008
5577582 507007
5577584 507006
5577586 507005
5577588 507004
5577590 507003
5577592 507002
5577594 507001
6084590 507006
6591596 507006
7098588 506989
7098590 506988
7098592 506987
7098594 506986
7098596 506985
7098598 506984
7098600 506983
7098602 506982
7605583 506983
8112566 506983
8619535 506966
8619537 506965
8619539 506964
8619541 506963
8619543 506962
8619545 506961
8619547 506960
8619549 506959
9126505 506962
9633467 506962
10140415 506945
10140417 506944
10140419 506943
10140421 506942
10140423 506941
10140425 506940
10140427 506939
10140429 506938
10647362 506943
11154305 506943
11661234 506926
11661236 506925
11661238 506924
11661240 506923
11661242 506922
11661244 506921
11661246 506920
11661248 506919
12168161 506925
12675086 506925
13181997 506908
13181999 506907
13182001 506906
13182003 506905
13182005 506904
13182007 506903
13182009 506902
13182011 506901
13688906 506907
14195813 506907
14702706 506890
14702708 506889
14702710 506888
14702712 506887
14702714 506886
14702716 506885
14702718 506884
14702720 506883
15209603
7
10 10
15 5
20 9
25 5
30 10
35 5
40 10
49
1
10 25
25
1
200000000 300000000
400000000
95
785516 1000000
1101096 802770
1114091 898264
1284446 846918
1306338 850698
1433925 952376
1492271 749669
1528627 766741
2271726 743096
2271728 743095
2271730 743094
2271732 743093
2271734 743092
2271736 743091
2271738 743090
3014827 743091
3757918 743091
3827863 879315
3944162 672506
4002207 560152
4039900 529527
4052036 843636
4124083 578515
4345853 537743
4883584 537728
4883586 537727
4883588 537726
4883590 537725
4883592 537724
4883594 537723
4883596 537722
5421318 537722
5959040 537722
6002382 668583
6048049 896062
6242288 551390
6254897 805768
6338899 676698
6343539 690853
6381074 788516
6496750 537707
6496752 537706
6496754 537705
6496756 537704
6496758 537703
6496760 537702
6496762 537701
7034457 537707
7572164 537707
7632606 794674
7717176 873825
7744488 549700
7763408 617646
7897612 773289
7898997 798046
8002495 850301
8432814 430316
8432816 430315
8432818 430314
8432820 430313
8432822 430312
8432824 430311
8432826 430310
8863133 430313
9293446 430313
9344895 626339
9395298 523573
9449768 659521
9491865 801300
9643573 692854
9699377 674524
9703594 906447
9723747 430298
9723749 430297
9723751 430296
9723753 430295
9723755 430294
9723757 430293
9723759 430292
10154051 430292
10584343 430292
10588920 579950
10684251 972366
10702905 682402
10708809 618809
10765752 956665
10779131 518043
10858765 823998
11014623 430277
11014625 430276
11014627 430275
11014629 430274
11014631 430273
11014633 430272
11014635 430271
11444906
95
854325 1000000
989962 558722
999422 535134
1025912 716757
1056936 578292
1140471 701888
1142468 670680
1174991 775340
1200216 775275
1362020 775009
1364234 554711
1389106 658089
1421493 870970
1462483 958340
1502874 562603
1608097 937962
1708622 854294
1708624 854293
1708626 854292
1708628 854291
1708630 854290
1708632 854289
1708634 854288
1708636 854287
1708638 854286
1708640 854285
1708642 854284
1708644 854283
1708646 854282
1708648 854281
1708650 854280
2562921 854288
3417210 854289
3431619 999476
3512788 662598
3620305 606126
3627980 674299
3667097 716667
3674055 519161
3749755 797480
3833639 810623
3862406 843330
4072342 661725
4087305 970689
4157763 973906
4225042 524480
4235029 680392
4244126 558413
4915393 680361
4915395 680360
4915397 680359
4915399 680358
4915401 680357
4915403 680356
4915405 680355
4915407 680354
4915409 680353
4915411 680352
4915413 680351
4915415 680350
4915417 680349
4915419 680348
4915421 680347
5595754 680361
6276115 680361
6278648 917165
6374311 681163
6413245 918014
6506392 584549
6520201 780596
6534237 911677
6561480 616859
6667801 520471
6695782 912324
6720497 925497
6745991 511874
6775248 665849
6857906 671953
6893306 761325
6923564 829722
7570985 647418
7570987 647417
7570989 647416
7570991 647415
7570993 647414
7570995 647413
7570997 647412
7570999 647411
7571001 647410
7571003 647409
7571005 647408
7571007 647407
7571009 647406
7571011 647405
7571013 647404
8218417
99
785671 1000000
816149 880978
823786 855681
851691 632190
901259 949553
931775 752170
967140 523973
1005832 926123
1048420 809161
1052452 742187
1062481 610338
1079542 927427
1232672 685917
1292783 563969
1334748 945426
1385005 992975
1385855 912077
1390962 976531
1409702 978269
1425198 912142
1470878 513074
1472877 770606
1487471 922654
1494291 934540
1537198 531820
1571296 785622
1571298 785621
1571300 785620
1571302 785619
1571304 785618
1571306 785617
1571308 785616
1571310 785615
1571312 785614
1571314 785613
1571316 785612
1571318 785611
1571320 785610
1571322 785609
1571324 785608
1571326 785607
1571328 785606
1571330 785605
1571332 785604
1571334 785603
1571336 785602
1571338 785601
1571340 785600
1571342 785599
2356933 785607
3142540 785607
3175562 609479
3218930 641678
3241924 761899
3327964 588573
3362142 726913
3498679 990688
3546619 647166
3547606 794749
3575971 513666
3588469 656213
3630416 976531
3718446 616444
3720467 651811
3728345 668540
3799575 677412
3817715 648749
3823171 660215
3832494 501997
3853947 715719
3865710 641553
3872230 795035
3875328 887424
3881293 672122
3892343 507364
4608070 732739
4608072 732738
4608074 732737
4608076 732736
4608078 732735
4608080 732734
4608082 732733
4608084 732732
4608086 732731
4608088 732730
4608090 732729
4608092 732728
4608094 732727
4608096 732726
4608098 732725
4608100 732724
4608102 732723
4608104 732722
4608106 732721
4608108 732720
4608110 732719
4608112 732718
4608114 732717
4608116 732716
5340832
99
422643 1000000
845282 422636
845284 422635
845286 422634
1267918 422636
1690554 422636
2113186 422629
2113188 422628
2113190 422627
2535816 422628
2958444 422628
3381068 422621
3381070 422620
3381072 422619
3803690 422620
4226310 422620
4648926 422613
4648928 422612
4648930 422611
5071540 422612
5494152 422612
5916760 422605
5916762 422604
5916764 422603
6339365 422605
6761970 422605
7184571 422598
7184573 422597
7184575 422596
7607170 422597
8029767 422597
8452360 422590
8452362 422589
8452364 422588
8874950 422590
9297540 422590
9720126 422583
9720128 422582
9720130 422581
10142709 422583
10565292 422583
10987871 422576
10987873 422575
10987875 422574
11410448 422575
11833023 422575
12255594 422568
12255596 422567
12255598 422566
12678162 422568
13100730 422568
13523294 422561
13523296 422560
13523298 422559
13945855 422561
14368416 422561
14790973 422554
14790975 422553
14790977 422552
15213527 422554
15636081 422554
16058631 422547
16058633 422546
16058635 422545
16481178 422547
16903725 422547
17326268 422540
17326270 422539
17326272 422538
17748810 422538
18171348 422538
18593882 422531
18593884 422530
18593886 422529
19016414 422530
19438944 422530
19861470 422523
19861472 422522
19861474 422521
20283995 422521
20706516 422521
21129033 422514
21129035 422513
21129037 422512
21551549 422512
21974061 422512
22396569 422505
22396571 422504
22396573 422503
22819076 422503
23241579 422503
23664078 422496
23664080 422495
23664082 422494
24086576 422494
24509070 422494
24931560 422487
24931562 422486
24931564 422485
25354049
99
10 82
12 51
13 34
14 66
15 52
16 91
17 33
18 34
20 97
30 10
40 10
41 58
42 15
43 54
46 71
47 18
48 23
49 56
50 36
60 10
70 10
72 40
73 91
74 97
75 83
77 78
78 51
79 95
80 22
90 10
100 10
102 16
103 70
104 90
105 33
106 81
107 16
109 19
110 96
120 10
130 10
131 65
133 85
134 50
135 49
136 42
137 46
139 34
140 39
150 10
160 10
161 64
162 98
165 75
166 84
167 23
168 44
169 78
170 57
180 10
190 10
192 39
193 91
194 30
196 32
197 40
198 84
199 82
200 33
210 9
220 10
221 91
222 73
224 97
225 42
226 51
227 71
228 25
229 51
238 9
247 9
248 69
249 27
250 34
252 16
253 19
254 65
255 37
256 34
265 9
274 9
275 68
277 11
278 85
279 67
280 47
281 36
282 84
283 11
292
99
179095 1000000
180345 904010
182391 623771
193289 882000
195347 614084
198877 752759
199528 600002
202059 522099
202544 552446
208639 812972
212705 879835
212748 970494
220646 900185
222946 820339
229632 571322
231055 605093
238405 956028
245095 686850
245515 867505
245552 748236
248975 841860
249051 633544
252001 730573
253040 542018
255810 513373
256097 747149
258816 977215
270519 913750
270750 556881
272827 989257
280141 968204
284649 568994
293441 908107
296516 542845
296663 512757
296898 861238
301157 552718
304000 613766
304205 989277
316186 845694
322221 592263
324832 802141
325791 612137
330175 527676
334151 750678
338200 919575
347736 851567
348359 830687
354073 749868
356247 690203
533303 177053
533305 177052
533307 177051
533309 177050
533311 177049
533313 177048
533315 177047
533317 177046
533319 177045
533321 177044
533323 177043
533325 177042
533327 177041
533329 177040
533331 177039
533333 177038
533335 177037
533337 177036
533339 177035
533341 177034
533343 177033
533345 177032
533347 177031
533349 177030
533351 177029
533353 177028
533355 177027
533357 177026
533359 177025
533361 177024
533363 177023
533365 177022
533367 177021
533369 177020
533371 177019
533373 177018
533375 177017
533377 177016
533379 177015
533381 177014
533383 177013
533385 177012
533387 177011
533389 177010
533391 177009
533393 177008
533395 177007
533397 177006
533399 177005
710404
99
825876 1000000
1651748 825869
1651750 825868
1651752 825867
2477617 825869
3303486 825869
4129351 825862
4129353 825861
4129355 825860
4955213 825862
5781075 825862
6606933 825855
6606935 825854
6606937 825853
7432789 825854
8258643 825854
9084493 825847
9084495 825846
9084497 825845
9910341 825846
10736187 825846
11562029 825839
11562031 825838
11562033 825837
12387868 825839
13213707 825839
14039542 825832
14039544 825831
14039546 825830
14865375 825830
15691206 825831
16517033 825824
16517035 825823
16517037 825822
17342858 825823
18168681 825823
18994500 825816
18994502 825815
18994504 825814
19820318 825814
20646132 825814
21471942 825807
21471944 825806
21471946 825805
22297749 825807
23123556 825807
23949359 825800
23949361 825799
23949363 825798
24775159 825800
25600959 825800
26426755 825793
26426757 825792
26426759 825791
27252549 825792
28078341 825792
28904129 825785
28904131 825784
28904133 825783
29729915 825784
30555699 825784
31381479 825777
31381481 825776
31381483 825775
32207256 825777
33033033 825777
33858806 825770
33858808 825769
33858810 825768
34684578 825768
35510346 825768
36336110 825761
36336112 825760
36336114 825759
37161872 825760
37987632 825760
38813388 825753
38813390 825752
38813392 825751
39639142 825752
40464894 825752
41290642 825745
41290644 825744
41290646 825743
42116387 825745
42942132 825745
43767873 825738
43767875 825737
43767877 825736
44593611 825738
45419349 825738
46245083 825731
46245085 825730
46245087 825729
47070815 825730
47896545 825730
48722271 825723
48722273 825722
48722275 825721
49547996
5
100 100
105 5
110 5
112 2
114 2
120
4
5 5
8 3
9 4
11 3
14
2
10 10
11 10
21
99
756268 1000000
777818 615986
785511 626677
978616 821302
1050287 695606
1057355 582997
1123495 811705
1336888 954579
1424356 569708
1476675 961405
2197066 720388
2197068 720387
2197070 720386
2197072 720385
2197074 720384
2197076 720383
2197078 720382
2197080 720381
2197082 720380
2917454 720388
3637842 720388
3883555 546011
3917722 977207
3965988 838597
4126112 760628
4132266 719996
4210370 574894
4215865 874884
4275127 875833
4315468 667216
4982668 667197
4982670 667196
4982672 667195
4982674 667194
4982676 667193
4982678 667192
4982680 667191
4982682 667190
4982684 667189
5649869 667193
6317062 667193
6401549 672516
6580957 806933
6586872 726230
6667502 921784
6699179 890268
6753534 627759
6797737 836741
6898628 787243
6914495 738564
6984239 667174
6984241 667173
6984243 667172
6984245 667171
6984247 667170
6984249 667169
6984251 667168
6984253 667167
6984255 667166
7651418 667169
8318587 667169
8394875 960434
8600803 615677
8631789 905335
8674967 827742
8675773 723049
8724410 711913
8810815 679097
8946269 564939
8969674 910013
8985740 667150
8985742 667149
8985744 667148
8985746 667147
8985748 667146
8985750 667145
8985752 667144
8985754 667143
8985756 667142
9652892 667148
10320040 667148
10407482 742487
10437786 785847
10453164 548754
10478029 944141
10577259 762666
10603632 516475
10866529 804096
10935829 661272
10946431 512455
11551602 615770
11551604 615769
11551606 615768
11551608 615767
11551610 615766
11551612 615765
11551614 615764
11551616 615763
11551618 615762
12167380
