20
714311129 39521
9 5 9 999998192
497151700 96511
9 7 6 999919625
1000000000 100000
999999999 1 999999999 1000000000
137 49
48 17 461 137
977365070 59489
8 5 9 999966210
1000000000 100000
1 1 0 2
254 99
1 8 9 74990
131 74
1 9 10 78736
28 21
6 5 1 85919
66 39
35 2 589 66
112 73
1 5 3 64100
693840425 90561
2 6 7 999957328
22 21
1 4 869 22
45068754 29153
2 9 5 999904402
46 18
7 11 9 46
97 39
34 37 656 97
1000000000 1
12 7 74 12
1000000000 100000
100000 1 0 1000000000
249718282 93729
1 5 6 999917908
1000000000 100000
99999 1 99999 100000
