100
724 670 887
512 512 513
5 3 1
4 3 4
513 513 257
522 349 107
402 907 227
3 4 2
5 5 5
291 985 210
116 545 561
908 867 993
4 2 4
700 891 69
809 280 166
688 802 565
103 143 88
2 1 1
2 2 2
93 339 337
5 117 125
333 422 52
565 3 482
423 89 956
163 320 359
512 512 256
7 8 5
842 556 73
95 114 75
513 513 256
47 258 27
200 2 1
512 512 2
3 3 4
139 182 171
943 629 948
2 5 5
512 512 1
801 613 460
170 420 120
287 551 655
264 962 47
2 5 2
1000 1000 1
147 864 23
672 703 385
788 948 68
513 513 1
3 2 2
20 684 6
6 4 710
762 201 402
16 754 10
541 596 487
265 63 26
498 974 237
513 513 512
253 185 71
4 5 1
5 4 4
685 689 864
178 253 595
761 506 22
734 797 941
512 512 257
883 696 994
76 525 49
2 5 1
1 5 4
5 1 1
821 615 466
513 513 2
4 5 4
940 497 525
2 3 2
129 446 3
4 5 2
45 56 35
333 850 960
189 40 5
851 292 620
580 199 785
686 860 882
845 761 398
413 739 322
54 756 16
755 504 213
659 562 818
49 41 620
810 922 864
1 1 1000
2 3 4
634 664 595
5 4 5
131 552 119
5 3 3
267 51 14
418 962 100
1 1 1
835 793 311
