100
6 2 4
1 17 4
1 20 11
3 3 5
15 1 15
3 6 16
8 1 6
2 9 15
12 1 10
10 1 7
19 1 18
6 1 3
20 1 7
5 4 12
1 8 4
3 2 3
1 4 3
19 1 16
19 1 1
2 10 17
1 7 2
3 4 10
1 5 5
1 13 8
18 1 14
1 6 1
1 17 3
2 2 2
2 10 18
3 2 6
4 4 12
3 1 1
14 1 1
4 4 10
7 2 14
5 4 6
7 2 13
5 4 16
5 2 8
12 1 11
3 3 2
4 2 8
11 1 9
1 17 9
7 2 12
1 13 7
5 1 5
1 18 8
2 1 1
7 2 9
3 5 8
19 1 11
11 1 8
1 10 10
2 4 3
18 1 7
1 13 11
3 1 3
2 1 2
1 2 1
1 3 1
14 1 7
4 3 7
17 1 1
1 5 4
3 2 4
1 17 4
1 14 10
2 4 8
1 2 1
1 18 8
3 3 6
1 2 2
4 5 10
3 3 9
1 2 2
2 2 4
4 5 10
4 5 14
14 1 12
1 7 7
4 4 14
9 2 18
4 5 14
4 4 10
9 1 2
14 1 9
19 1 12
1 9 5
9 2 12
3 6 14
1 19 4
8 2 5
3 5 3
6 1 2
2 4 2
20 1 16
2 6 12
10 2 10
8 1 2
