100
4
2 3 4 1
4
3 3 4 1
4
3 3 4 3
10
7 8 10 10 9 2 9 6 3 3
10
2 3 1 10 3 5 6 7 8 9
1000
701 129 241 335 672 973 367 906 574 111 590 400 821 231 124 883 769 349 391 770 717 86 363 905 292 807 228 345 26 39 240 318 278 368 677 997 25 978 217 305 680 901 809 868 309 399 243 235 540 837 817 92 282 99 290 225 859 865 229 734 265 105 887 645 656 77 948 42 409 994 705 93 22 652 791 568 333 548 30 512 322 384 628 70 149 584 388 561 96 939 977 160 818 71 107 170 676 787 950 910 207 812 377 762 277 484 203 581 15 339 430 215 200 498 380 385 218 774 185 718 904 539 951 641 81 560 289 220 227 139 776 150 780 854 33 860 502 763 104 969 392 357 433 940 565 632 689 805 476 372 528 65 841 612 113 898 893 882 310 921 625 987 929 766 12 381 36 387 454 443 627 729 675 742 751 784 896 492 301 426 832 844 398 187 286 419 684 964 82 411 669 442 483 847 621 325 650 952 993 679 311 756 961 347 666 654 614 586 542 346 639 66 451 52 291 731 693 873 460 267 618 121 629 620 464 1000 487 563 793 879 850 922 462 797 457 934 690 760 534 692 122 54 720 957 610 493 248 890 132 237 757 153 527 466 554 585 95 550 727 156 137 806 298 895 374 230 63 468 516 988 974 820 192 226 697 866 746 250 50 407 803 514 219 100 838 488 601 835 597 128 984 582 800 420 314 919 875 323 633 667 142 792 525 27 871 414 303 234 475 651 162 425 453 577 410 158 467 712 648 422 131 907 255 370 913 172 401 130 354 224 83 330 147 117 511 980 660 287 747 31 966 826 490 35 864 168 432 14 551 658 439 927 501 452 471 562 761 555 971 53 394 759 279 752 375 45 589 441 723 745 861 833 959 894 840 146 446 302 148 698 649 364 619 928 361 673 856 808 741 963 239 280 765 7 355 85 567 504 521 823 801 686 256 885 47 133 611 173 836 519 899 914 276 434 463 141 101 795 553 136 165 199 191 11 481 273 599 736 880 518 106 46 365 338 58 616 288 68 571 955 876 647 402 848 353 18 51 900 587 591 822 186 80 166 382 412 983 304 917 366 626 284 989 668 91 438 140 779 874 802 261 327 56 194 638 573 732 843 767 417 572 903 312 326 888 851 297 171 799 161 306 602 61 423 830 794 828 181 535 159 499 985 436 473 482 196 730 816 549 472 624 925 530 915 8 359 270 724 536 477 48 557 500 918 872 646 604 992 214 825 496 383 810 662 157 90 728 544 533 469 703 202 116 134 9 529 967 123 695 272 708 644 251 275 258 811 737 393 670 665 884 20 307 29 332 640 710 722 546 317 990 891 694 94 505 404 223 189 740 956 943 79 296 508 982 455 337 598 842 55 506 295 205 435 209 428 813 714 6 495 324 970 114 5 163 87 881 583 179 331 702 470 713 953 118 886 152 175 849 360 999 34 89 49 707 340 262 635 827 634 44 211 494 328 804 84 336 683 437 389 659 661 458 509 744 946 88 758 415 294 24 570 216 378 254 924 119 513 716 127 579 771 503 180 167 965 834 700 397 788 344 418 559 174 260 578 543 617 489 252 369 522 444 547 429 968 630 126 995 600 643 735 688 857 593 371 17 299 497 855 155 704 281 75 197 222 376 479 206 979 911 416 942 930 413 754 867 725 379 459 461 869 933 944 316 183 478 151 815 936 606 657 596 21 10 609 319 889 829 356 373 531 72 115 608 595 120 259 78 204 232 448 510 110 208 622 188 1 285 949 4 706 238 60 607 937 897 64 790 637 576 112 691 143 507 786 486 733 545 249 3 212 870 485 575 73 996 98 2 125 450 293 456 863 135 341 424 447 783 269 564 569 97 623 264 190 515 517 38 938 998 674 343 852 558 362 233 580 719 184 603 352 908 109 681 678 176 244 396 43 824 313 23 605 491 178 960 775 920 348 182 245 772 945 427 613 342 588 315 877 726 972 440 195 715 935 41 236 62 320 69 636 711 750 687 37 976 213 520 789 421 474 537 858 768 566 831 819 40 773 408 853 13 308 721 154 532 193 931 932 845 390 465 253 268 57 781 350 709 846 523 28 431 782 682 169 395 798 778 642 59 685 283 962 102 67 671 321 198 358 653 524 386 177 947 923 271 655 615 552 406 138 274 257 403 755 351 814 878 266 556 300 958 246 74 777 785 445 201 753 16 144 862 739 263 664 926 749 19 975 839 449 916 743 247 991 748 526 334 699 892 538 764 242 631 210 738 912 663 145 108 32 696 480 221 405 941 164 76 541 954 909 594 796 329 981 103 592 986 902
100
40 32 14 67 50 69 14 97 1 28 73 85 70 56 96 13 36 84 75 47 79 34 21 57 3 46 92 71 88 17 89 82 53 48 69 45 63 9 24 64 88 65 42 51 6 11 72 28 2 43 24 58 83 100 7 49 90 95 17 9 19 18 26 20 91 5 94 59 77 61 8 38 15 16 87 11 68 47 44 53 85 55 86 50 54 81 74 4 74 98 62 22 94 52 29 37 92 23 37 80
50
14 44 17 23 38 45 46 46 43 36 3 28 25 21 8 39 5 10 31 7 33 47 25 47 38 17 18 12 13 10 11 49 22 19 1 28 40 20 15 37 49 49 14 7 15 13 6 6 50 9
10
10 9 4 2 1 7 9 5 7 5
571
548 564 441 431 439 392 342 1 397 353 188 46 266 116 307 130 473 165 476 513 341 283 134 508 272 480 111 53 112 108 292 142 89 157 7 402 61 535 30 532 516 135 180 375 312 303 202 466 273 10 426 337 41 492 380 393 119 537 216 447 420 287 555 99 411 495 160 148 545 36 462 340 384 339 450 35 276 87 489 237 536 356 205 288 72 85 443 437 414 174 98 456 271 200 278 567 399 91 59 215 60 270 570 102 84 280 389 120 334 163 219 566 261 469 350 486 457 227 193 366 321 565 241 382 63 326 504 226 291 300 211 289 379 410 65 563 228 155 338 421 138 286 500 265 129 296 314 164 238 32 378 92 27 166 362 329 103 336 550 424 499 544 110 167 230 553 198 445 122 440 178 214 531 90 40 432 376 26 453 331 430 454 175 383 220 482 487 33 20 529 77 147 298 206 325 83 101 182 169 284 407 268 158 520 505 121 485 136 502 56 16 438 229 558 557 323 79 541 153 106 313 285 497 154 133 538 118 137 257 515 140 523 435 64 412 347 501 306 359 95 168 14 170 471 348 475 62 81 561 275 13 267 218 361 425 518 213 179 117 75 465 370 150 184 51 54 327 172 394 477 254 554 49 212 192 191 25 413 199 452 401 332 177 196 479 436 247 315 360 28 533 449 55 225 318 93 355 301 364 131 201 351 496 512 189 197 143 114 459 498 391 233 390 406 45 109 235 203 386 398 243 236 549 253 543 264 551 139 428 503 224 234 282 367 483 490 88 274 244 86 349 76 52 472 127 374 511 159 21 80 209 37 50 277 19 418 422 354 507 324 419 556 304 434 71 11 187 405 415 262 124 559 38 207 455 365 58 290 369 293 311 433 126 534 547 319 97 223 542 12 3 70 474 24 104 183 481 571 42 208 357 302 161 530 4 250 69 22 231 409 34 514 240 408 521 125 66 488 146 509 39 281 446 294 255 352 317 478 517 194 9 44 522 546 105 263 463 524 387 181 47 186 368 141 6 18 149 451 29 222 128 195 308 493 528 151 259 239 67 171 299 23 343 322 470 527 460 123 494 113 320 328 461 210 403 423 464 156 260 467 417 442 335 221 371 316 242 82 217 295 363 510 68 258 78 484 458 540 246 429 416 468 444 43 94 2 388 330 144 249 519 48 15 73 162 152 305 569 395 526 309 346 232 344 539 372 491 176 190 506 373 396 145 427 173 248 448 377 251 310 132 8 185 297 57 552 385 204 562 245 568 17 345 358 115 269 96 381 107 400 525 333 560 404 279 31 100 252 256 5 74
320
206 153 145 16 48 155 257 317 52 252 36 259 255 201 223 181 303 78 145 93 183 251 29 286 230 34 162 253 74 28 262 164 197 162 227 309 180 48 253 296 283 138 276 286 120 298 241 287 185 285 61 256 134 104 122 143 286 127 250 5 300 169 159 54 186 259 230 296 44 208 195 204 147 231 25 65 256 165 72 198 71 56 229 271 121 145 39 262 150 75 73 46 15 29 93 238 162 294 239 92 57 123 77 134 73 119 316 1 314 210 266 305 16 268 175 30 99 251 223 287 274 117 284 282 153 99 64 19 107 151 8 130 170 177 312 279 84 49 129 148 74 90 287 21 211 154 137 285 165 44 313 74 106 50 190 162 32 64 114 243 39 261 122 157 282 6 37 26 185 289 89 124 320 58 173 137 275 154 21 147 131 152 208 95 223 58 156 283 218 249 126 31 81 306 235 226 33 283 262 316 61 297 170 1 78 213 156 264 240 159 93 95 161 205 246 65 139 244 273 27 78 296 242 113 261 214 180 21 122 96 183 39 66 183 266 125 73 90 133 243 13 202 235 233 203 203 15 44 47 175 37 182 79 104 155 188 7 29 218 303 14 126 139 265 288 146 278 161 296 14 77 7 60 282 186 131 143 315 102 175 193 102 105 226 81 82 171 182 83 80 207 230 135 265 89 224 86 196 90 168 83 154 319 120 50 41 117 318 197 249 115 231 299 141 267 53 40 298 287 213
980
956 290 416 755 374 218 670 961 697 759 327 471 2 101 218 881 436 598 917 172 698 691 527 233 753 842 445 797 473 428 99 410 287 659 240 516 885 767 129 948 976 902 904 317 877 226 946 666 455 969 719 223 331 309 201 737 546 968 916 380 676 474 533 18 306 611 560 925 120 615 408 257 374 642 711 518 5 19 64 364 650 277 650 249 411 619 206 181 841 129 671 152 238 765 635 942 549 363 612 158 433 867 672 514 131 853 146 226 858 723 204 837 450 824 118 699 417 344 934 538 567 328 294 839 273 796 203 638 52 153 338 878 671 311 375 297 750 165 240 423 566 937 460 483 647 307 632 768 371 554 603 967 541 939 75 342 122 54 220 604 286 505 882 579 84 179 303 730 292 757 679 960 552 622 29 256 31 823 453 264 864 957 233 17 335 169 119 283 750 521 44 199 625 512 709 58 398 117 302 754 923 164 349 859 146 626 977 469 325 851 870 637 761 469 404 913 899 536 695 38 399 85 363 642 802 523 653 900 764 976 874 394 887 772 952 785 180 973 557 863 822 835 353 799 568 298 424 762 373 647 943 580 591 771 787 559 388 183 940 551 591 962 514 400 837 106 476 700 435 417 440 134 910 259 324 34 112 895 488 924 683 819 28 282 203 448 701 669 631 348 258 192 722 423 512 100 508 787 409 73 655 638 438 83 975 396 407 762 740 359 946 247 129 948 585 529 714 749 315 112 682 15 439 498 169 668 321 676 590 268 766 386 216 197 777 804 33 573 978 734 97 130 792 5 422 115 39 195 727 509 886 156 210 362 261 491 104 569 547 279 101 127 705 964 393 501 839 677 50 190 272 337 322 821 46 979 311 631 746 816 650 175 588 971 793 619 74 870 745 684 974 636 807 103 665 113 25 836 936 930 193 722 173 776 783 966 884 654 617 114 599 274 602 571 56 959 152 825 252 464 703 734 330 601 730 509 58 583 4 360 978 965 4 376 914 614 542 161 430 55 456 428 181 888 784 141 575 865 144 570 60 355 87 82 148 187 651 685 263 310 679 135 442 510 282 532 453 79 751 608 535 667 357 295 445 269 481 386 881 888 151 202 125 31 732 605 378 139 335 154 857 320 8 603 445 3 166 944 235 400 728 646 27 833 696 652 708 72 528 133 27 59 680 875 316 543 712 390 649 794 670 208 236 868 741 185 352 487 234 515 550 771 817 935 525 387 531 517 110 957 88 329 323 903 493 314 829 544 188 10 778 841 257 105 325 230 449 594 531 610 51 421 620 640 636 32 191 898 803 768 415 953 831 534 892 67 187 586 397 852 222 918 643 707 578 391 122 692 461 13 331 523 389 457 654 889 471 180 304 121 143 123 71 149 471 537 461 726 195 189 558 9 947 941 219 44 124 944 926 735 414 739 296 970 248 11 845 815 938 326 493 826 724 295 63 426 36 615 119 458 93 412 661 606 660 401 78 765 356 366 781 576 80 932 341 828 791 376 242 116 65 56 301 945 690 422 558 414 907 275 969 623 468 779 775 147 721 691 893 644 673 228 34 291 814 792 908 912 385 600 901 956 548 656 520 42 405 213 110 463 620 657 208 157 911 451 675 243 798 66 497 464 102 432 303 729 498 838 437 262 744 896 177 232 368 107 227 95 844 376 536 393 23 690 921 572 288 431 312 217 687 162 418 284 970 905 400 802 109 928 694 761 782 513 48 931 136 549 904 57 742 212 495 485 879 554 170 980 812 372 406 882 574 826 957 159 856 106 890 319 674 69 720 313 780 454 123 337 428 336 801 94 527 569 959 743 834 725 922 745 873 799 382 614 557 62 790 4 421 173 466 745 872 958 343 664 231 790 485 470 299 627 477 641 561 693 1 630 21 205 702 524 771 503 111 880 446 513 241 759 704 216 242 305 706 81 26 270 419 776 155 40 800 908 301 584 250 168 866 142 12 772 722 736 197 351 452 173 518 806 502 568 379 346 848 78 160 855 16 850 681 138 502 499 482 897 447 596 847 260 346 154 883 544 909 332 972 354 564 557 748 738 951 421 613 892 713 178 807 489 496 126 556 101 6 413 786 581 938 567 811 943 22 239 37 209 434 607 855 633 827 582 558 76 708 860 312 849 20 832 427 888 718 519 919 318 271 597 858 324 645 756 574 444 709 221 770 132 628 688 515 392 441 710 820 733 506 716 96 68 238 715 45 370 963 813 640 267 462 281
10
8 6 4 7 1 2 2 2 10 1
100
82 97 79 34 59 44 81 10 56 100 71 9 94 32 23 36 64 89 1 78 47 29 43 14 13 53 8 41 25 76 85 33 87 60 24 51 67 39 68 61 6 84 54 16 46 27 88 55 20 93 26 69 99 37 70 86 12 42 30 83 75 35 65 5 40 17 90 74 22 52 63 80 91 11 72 45 73 7 58 57 21 98 38 4 77 2 15 95 3 49 50 62 96 31 28 19 48 92 66 18
100
80 73 44 92 13 7 11 10 57 86 5 8 97 16 96 55 78 35 26 23 90 52 99 27 12 59 72 17 2 65 1 100 32 31 74 45 66 79 21 39 37 60 89 43 48 87 38 68 67 9 33 82 46 14 3 93 34 51 28 54 95 4 53 95 56 15 20 25 6 88 83 62 47 71 18 77 19 75 40 49 50 91 81 98 22 76 94 69 41 36 84 42 29 61 64 30 85 24 63 70
51
9 17 30 47 36 14 29 23 35 8 37 32 48 20 13 34 31 19 1 24 34 26 22 25 17 33 38 12 27 16 41 42 45 16 40 2 46 6 4 51 25 18 49 15 50 5 44 3 11 21 28
573
254 374 265 227 286 500 339 76 558 388 198 313 437 225 495 432 131 425 101 376 473 315 507 169 196 537 86 168 333 567 389 132 383 24 299 234 527 494 11 178 413 542 515 372 28 146 96 472 183 173 4 337 26 9 150 167 210 420 129 266 130 354 122 297 386 109 190 85 414 348 164 242 135 481 296 276 516 424 90 456 402 127 208 430 202 230 258 114 126 139 322 288 43 439 248 235 182 511 121 174 491 35 119 98 329 479 513 535 95 338 77 356 8 46 99 421 197 459 224 128 398 283 63 256 493 89 246 275 534 37 94 401 294 203 159 287 180 236 411 440 570 423 31 448 33 237 49 394 562 506 352 541 102 525 84 72 162 136 382 554 5 47 2 262 441 304 216 45 124 78 40 12 463 483 231 556 111 544 373 487 310 143 350 280 249 175 205 239 320 137 277 405 365 418 308 273 474 548 221 107 268 470 427 561 73 133 38 566 532 156 51 325 317 361 23 229 305 480 409 171 444 471 509 44 270 476 412 323 80 309 186 79 240 553 62 302 88 565 188 540 55 20 32 185 395 512 332 257 557 307 407 56 449 314 496 48 569 552 201 300 466 71 161 291 351 367 117 232 391 176 154 381 485 181 120 274 359 453 148 255 528 522 284 123 61 10 345 92 429 573 209 166 551 149 252 533 363 489 571 460 140 502 442 392 54 539 27 59 364 415 387 396 261 520 436 526 134 53 100 443 25 253 158 82 212 316 68 326 529 369 160 93 538 505 116 467 41 263 7 204 497 222 434 371 228 336 233 110 450 215 498 260 250 157 223 560 478 81 406 200 241 408 555 1 193 397 60 346 462 514 29 384 559 410 504 57 282 42 457 97 433 144 207 103 306 319 311 327 380 195 484 292 399 416 400 403 271 272 251 499 290 564 83 289 508 426 568 475 104 163 194 75 50 546 113 328 349 259 451 189 404 445 366 517 293 147 360 279 335 477 21 465 269 281 341 267 13 461 563 446 510 214 530 543 301 342 115 187 91 14 419 355 438 303 545 455 347 211 118 125 358 138 52 206 219 172 243 536 375 550 152 247 324 549 362 155 199 357 17 69 6 22 65 447 179 521 390 220 192 177 278 244 151 519 343 523 74 3 468 435 378 58 36 469 452 454 191 488 334 165 16 431 213 141 34 490 501 112 145 353 15 377 184 321 142 428 547 486 531 330 312 264 518 67 464 245 318 344 572 379 422 170 226 298 295 218 285 39 482 19 18 87 503 331 492 66 64 217 524 458 340 108 106 70 238 105 30 393 417 370 153 385 368
3
3 1 1
995
411 269 707 159 653 806 285 439 123 63 513 308 934 777 298 283 206 723 516 592 354 512 28 831 514 587 817 126 127 551 485 306 499 498 118 554 285 128 568 759 459 966 780 474 338 493 331 838 583 540 253 932 263 929 553 889 717 704 119 409 444 986 5 924 917 451 783 653 81 300 372 659 404 168 631 803 707 873 802 743 619 181 679 593 393 681 927 532 805 476 8 968 571 628 664 228 67 531 39 238 108 24 99 478 775 512 731 131 103 90 378 801 429 566 443 175 332 980 875 533 641 196 543 212 749 199 888 564 505 797 146 724 976 18 66 458 174 150 629 320 149 202 247 828 546 895 897 341 649 227 702 143 503 871 701 200 372 488 515 760 411 106 358 523 768 718 851 651 613 158 825 703 294 543 620 445 846 270 435 430 88 582 830 509 483 614 67 716 902 402 812 894 994 535 369 75 458 926 829 944 408 117 424 582 575 467 771 955 864 361 200 561 960 368 940 815 784 230 836 505 243 113 33 430 57 256 848 736 352 982 426 417 575 363 646 558 703 865 420 696 535 520 86 242 638 289 413 31 350 107 324 280 519 346 484 562 471 694 414 992 590 248 773 150 259 45 59 825 460 989 979 441 956 291 896 732 525 869 407 574 125 197 647 345 7 913 486 778 734 754 96 923 842 639 705 535 848 965 358 133 299 252 377 642 571 32 398 157 824 830 192 16 822 857 462 275 716 333 501 267 420 468 179 765 37 330 595 630 841 405 559 534 434 835 201 330 988 916 873 714 88 626 809 974 816 583 10 170 179 286 755 918 644 61 496 706 682 272 482 427 212 454 524 759 812 342 538 713 23 277 238 100 342 640 327 350 746 889 684 683 121 208 111 484 209 828 240 819 751 868 359 844 47 584 335 77 938 727 989 87 799 748 757 801 464 36 141 787 72 970 978 287 226 598 135 251 438 145 465 533 904 302 337 172 985 150 264 831 74 70 350 505 580 605 548 549 394 957 389 937 64 949 341 246 351 176 9 778 957 653 984 890 290 953 151 211 257 348 33 132 955 480 588 708 232 806 206 516 110 762 958 603 678 245 694 823 178 410 229 672 596 808 94 846 35 696 91 899 244 214 159 604 752 526 529 446 155 608 316 390 318 964 403 811 220 362 281 806 33 832 903 570 301 837 154 429 994 477 944 798 235 293 962 901 578 43 416 900 114 141 130 874 120 617 98 113 56 266 175 690 648 450 65 522 919 855 39 329 355 545 76 912 666 225 482 314 525 182 738 296 885 907 930 809 330 671 363 93 946 691 305 279 62 273 84 487 859 422 979 189 137 760 356 357 762 493 541 611 636 683 905 807 611 786 508 14 946 573 501 338 210 974 29 40 506 803 321 849 421 634 593 978 397 790 438 37 470 908 933 952 764 783 610 804 782 552 105 692 55 915 618 730 625 687 242 542 417 42 834 7 601 347 292 386 507 636 710 30 579 182 661 197 450 701 309 122 175 599 394 455 497 697 410 109 753 920 368 762 656 737 566 134 346 315 973 629 256 12 392 465 239 85 391 564 198 381 46 913 761 396 745 423 764 235 58 486 594 649 766 795 400 576 670 712 219 356 77 758 463 762 228 788 188 950 898 213 910 430 284 706 213 51 166 872 931 820 385 382 226 271 360 276 961 588 44 847 436 115 388 707 1 425 900 801 218 935 132 550 50 591 322 493 896 169 186 943 900 367 799 663 544 710 871 152 307 719 86 572 237 375 35 142 902 844 750 719 27 221 304 658 993 739 680 504 609 742 821 53 861 971 21 168 206 872 412 82 954 384 714 283 793 828 676 303 489 334 14 220 312 930 880 700 271 870 856 722 433 821 52 785 15 294 164 623 596 140 556 328 335 3 383 694 710 955 305 404 500 485 978 720 731 233 557 369 887 911 730 262 229 572 832 188 249 866 569 876 234 494 660 527 106 555 21 511 928 191 741 621 705 510 844 374 835 827 34 602 535 310 815 860 961 92 293 481 452 129 471 254 720 203 826 612 493 217 116 753 473 375 789 502 735 189 185 387 560 785 453 32 354 652 306 688 286 295 129 624 830 967 810 674 823 472 198 409 829 820 418 859 401 467 351 179 492 184 891 176 373 686 495 153 600 671 265 519 261 415 199 779 431 513 919 4 565 514 325 882 962 881 922 665 120 957 890 942 406 897 756 526 113 752 975 189 311 949 843 675 612 456 579 101 42 587 570 625 495 69 16 518 627 620 348 141 110 845 204
20
6 20 12 5 15 3 12 20 2 16 16 17 12 2 4 9 3 1 6 3
1000
157 974 640 460 973 589 69 112 804 762 92 517 169 924 173 398 209 119 796 321 214 690 123 515 559 771 461 825 606 266 242 871 445 984 560 332 956 285 851 281 862 856 750 259 912 808 352 785 713 950 577 898 155 948 452 691 834 423 349 487 914 330 494 452 579 250 441 295 7 108 354 795 472 990 190 820 416 495 103 452 383 816 924 867 984 310 354 306 568 134 633 644 363 939 861 467 109 482 844 626 201 831 512 268 597 817 499 70 2 658 992 8 377 484 819 996 152 689 18 272 361 547 23 49 221 356 635 890 750 388 573 251 4 90 551 923 5 260 313 359 641 607 225 951 645 15 454 213 523 236 286 117 403 604 281 262 1 993 211 327 307 783 478 248 103 899 473 444 205 429 188 357 453 744 187 452 770 945 969 595 95 667 366 12 452 380 143 268 570 75 299 852 173 725 885 801 739 289 467 265 101 598 590 319 854 731 267 845 17 315 585 839 148 21 672 525 779 491 536 344 125 797 635 822 159 510 256 188 900 684 447 269 564 534 543 150 428 146 544 261 338 802 425 488 196 988 655 156 176 66 132 303 964 34 894 227 489 695 173 138 686 356 754 733 844 238 207 863 232 179 501 120 815 876 524 817 275 130 49 945 718 897 31 682 38 151 720 74 198 399 85 946 424 185 68 955 413 986 191 407 865 89 252 479 813 88 497 567 434 86 830 742 139 609 210 350 612 925 204 145 20 466 426 506 738 824 776 647 223 62 768 36 442 601 833 795 490 241 527 526 518 922 660 220 907 406 864 369 59 316 919 469 459 414 675 372 478 674 140 265 40 25 93 457 524 183 14 378 348 990 171 985 12 966 760 181 751 368 935 955 584 404 483 677 903 873 679 22 684 553 788 175 861 373 704 420 2 16 290 543 539 448 727 403 535 346 500 836 268 513 587 373 297 376 511 77 642 540 585 353 64 974 58 293 2 323 268 237 170 81 798 943 449 309 665 663 616 737 294 666 67 854 697 490 300 605 231 402 433 460 807 805 427 30 583 886 364 764 555 750 27 582 546 179 382 569 668 514 785 302 659 73 167 729 539 514 249 420 329 608 277 98 111 234 768 488 60 420 225 64 218 580 631 63 22 322 412 128 184 657 662 819 103 890 629 324 857 439 985 742 415 946 768 589 24 619 124 963 751 91 602 465 124 887 216 414 339 336 763 752 556 740 992 178 405 219 352 736 937 418 124 924 430 239 185 379 460 656 977 720 135 649 390 50 184 163 702 159 972 35 542 884 884 233 780 971 308 712 614 189 794 915 131 758 556 786 51 787 40 492 71 462 455 381 931 962 411 947 718 203 906 508 719 508 180 74 105 202 6 621 133 521 14 475 446 29 142 480 314 640 835 317 917 106 823 451 875 670 516 978 576 904 746 628 263 100 357 624 505 633 493 127 276 671 379 755 818 967 945 986 141 417 850 809 156 393 328 879 334 838 960 766 454 678 247 548 147 110 471 343 944 394 168 938 649 440 182 777 929 618 634 215 408 128 355 698 384 654 387 701 543 284 106 639 882 931 855 694 118 357 56 699 963 688 258 782 443 676 692 468 680 557 78 395 574 860 111 756 419 44 743 878 279 900 490 74 841 686 593 172 963 714 895 730 791 772 242 934 389 724 537 979 264 949 908 538 438 464 435 532 489 856 711 174 114 623 970 806 761 693 162 530 937 6 636 708 870 325 49 375 749 10 529 458 921 892 836 137 847 177 421 726 298 569 817 409 161 999 217 565 941 696 735 517 887 884 578 391 133 517 725 826 169 571 115 19 693 431 836 812 33 533 987 371 984 748 229 46 453 913 910 800 305 127 333 82 442 637 902 76 965 224 615 774 28 792 486 277 936 114 184 271 335 57 611 793 124 650 212 700 957 268 225 488 208 859 769 901 975 643 39 192 942 789 687 490 507 888 846 703 731 41 705 347 301 940 84 630 995 757 32 918 386 982 617 274 945 325 648 107 807 685 644 627 195 456 814 149 807 559 523 25 930 255 723 881 282 790 166 751 848 881 385 622 843 802 345 261 360 811 991 45 810 61 572 976 613 872 351 998 765 342 136 484 318 980 518 990 596 893 249 184 407 728 242 829 496 664 94 596 781 853 113 661 240 143 588 54 734 164 144 973 563 957 603 37 954 322 844 322 467 586 973 253 821 968 638 684 739 747 566 502 397 337 754 916 549 620 732 926 171 874 392 22 31 738 803 246 383 986 911 523 158 278 969 116 975 920 778 341
144
54 116 39 128 3 104 30 14 19 83 94 17 77 64 35 69 12 125 115 18 99 127 74 112 47 75 136 7 93 48 81 133 118 54 15 65 20 58 112 110 57 78 5 4 126 122 40 142 44 25 29 109 26 139 3 102 111 101 51 85 123 21 112 41 58 101 9 123 134 68 53 114 137 32 132 85 85 86 124 130 31 91 46 96 77 79 88 2 103 72 137 37 29 107 81 129 3 73 23 140 38 34 98 136 10 79 143 121 13 122 120 39 65 85 13 141 73 105 143 135 144 46 61 72 49 115 73 95 70 34 66 61 11 43 59 104 24 144 54 87 28 48 119 139
100
27 61 15 16 8 56 5 73 89 95 90 10 3 19 66 28 1 13 76 44 35 54 29 43 37 36 39 70 40 79 92 57 34 7 86 64 33 98 59 94 83 97 55 6 31 72 67 80 24 9 32 87 14 93 63 71 22 91 82 85 2 26 17 51 38 47 48 53 11 88 50 42 62 75 18 52 74 49 68 2 12 60 96 77 58 25 100 65 78 99 46 21 20 69 84 23 41 30 81 45
20
2 16 16 14 17 3 1 15 17 20 6 17 19 6 13 19 7 16 4 5
400
364 48 260 378 234 120 278 366 34 339 87 398 144 347 353 215 66 179 265 255 252 223 227 277 86 31 208 313 276 39 197 19 44 62 55 81 315 247 104 323 212 59 186 160 154 153 399 297 377 263 264 111 221 219 11 222 367 161 40 295 209 75 71 190 267 187 361 170 8 390 109 266 103 343 330 319 168 56 47 138 337 334 163 395 61 393 130 345 343 175 129 23 35 74 311 261 200 191 381 85 283 371 389 356 137 127 394 150 289 77 106 176 169 52 32 396 326 174 318 65 172 369 90 320 148 96 258 30 33 139 238 54 114 373 201 24 158 386 327 317 76 354 240 68 108 314 217 135 293 256 332 184 300 67 185 188 355 18 384 213 346 375 189 7 382 387 116 149 338 231 348 9 84 79 72 362 280 281 259 133 94 183 69 316 5 195 286 78 151 331 226 193 89 310 380 299 107 2 250 177 196 272 243 88 202 12 328 14 341 131 292 165 38 92 205 198 275 285 73 3 118 53 302 112 26 388 385 21 143 162 397 97 122 279 333 141 391 41 242 294 159 125 309 210 91 50 359 268 368 374 105 51 306 365 304 282 102 206 134 350 233 392 325 136 220 271 363 245 49 225 274 218 383 376 335 63 166 82 42 342 370 43 100 246 273 307 16 17 360 199 358 121 20 288 57 27 324 192 194 36 132 113 83 64 126 155 181 89 119 308 262 257 269 312 296 340 128 101 241 287 95 249 58 270 70 1 164 214 224 336 211 290 157 237 182 204 372 351 29 254 123 228 28 25 203 167 298 301 80 322 10 98 244 173 230 115 156 303 93 152 145 379 117 37 251 248 146 124 235 284 253 352 6 357 236 60 400 15 229 110 349 216 46 147 239 4 99 291 140 180 232 142 207 344 329 13 171 321 305 45
10
5 3 2 10 6 2 5 4 2 7
969
161 221 477 549 807 347 218 901 409 380 794 423 428 765 422 583 502 920 675 714 320 29 27 283 430 340 33 85 862 169 893 318 299 575 644 303 165 383 740 572 106 787 708 57 857 877 818 590 216 626 251 239 634 896 762 781 72 825 461 198 842 444 697 150 571 871 472 846 790 849 942 677 388 202 1 614 886 661 180 793 135 474 763 241 642 244 883 206 841 121 324 519 84 352 359 248 574 868 47 31 229 209 647 350 213 761 372 147 604 895 154 868 376 220 282 55 79 128 606 384 657 306 234 264 669 546 485 107 817 566 369 775 597 758 535 38 271 307 183 228 425 848 7 774 192 607 146 802 87 358 518 217 517 327 755 527 588 482 806 539 874 889 953 635 156 346 309 189 584 231 826 504 623 337 663 730 81 328 250 486 964 322 556 655 86 749 723 316 738 832 256 110 75 829 361 845 268 184 280 574 757 904 215 211 812 530 69 509 441 773 2 585 336 470 50 890 237 918 848 281 194 200 899 43 187 220 134 176 897 593 609 175 119 935 421 577 62 101 95 20 78 45 393 580 18 77 76 608 467 523 776 847 492 18 301 588 629 931 478 578 563 164 177 586 367 928 550 641 638 652 143 673 551 929 417 722 239 687 779 735 678 364 959 259 863 323 395 622 747 186 524 22 9 565 292 938 911 111 366 803 82 139 650 558 533 348 936 869 475 459 627 230 289 651 96 562 849 613 932 889 238 591 706 476 240 513 699 711 533 270 811 115 690 152 127 752 11 452 859 212 272 750 116 418 559 594 660 944 743 90 378 777 314 601 667 136 249 30 73 587 557 700 122 151 455 533 5 579 716 955 263 44 632 172 396 822 600 432 865 458 442 536 772 277 145 435 58 769 867 257 796 342 52 133 406 538 658 721 742 542 439 581 947 909 34 425 785 155 692 125 765 427 129 547 394 454 958 643 338 746 861 404 402 70 713 592 284 118 725 498 616 877 611 489 246 798 286 188 525 882 28 649 768 254 438 678 939 390 466 74 426 182 141 910 46 729 596 612 946 462 937 392 552 670 898 705 413 765 252 615 411 3 685 852 225 541 965 921 293 877 799 448 672 113 450 389 160 534 540 178 130 782 223 914 570 907 823 786 510 553 226 535 97 728 764 334 471 291 902 298 278 934 962 105 124 969 968 668 531 197 343 330 528 99 659 205 54 181 5 745 35 4 599 253 945 49 314 224 923 872 887 548 903 273 640 19 28 168 243 748 686 94 694 83 445 222 331 834 709 930 484 174 703 233 816 569 24 734 913 497 443 521 326 910 827 756 65 956 919 801 691 48 410 665 373 420 159 599 884 741 797 654 807 792 8 275 961 419 667 88 848 667 645 201 943 144 695 854 892 838 855 274 37 300 506 487 408 269 639 204 876 702 208 771 476 589 951 555 693 103 315 12 602 163 153 245 875 273 532 967 954 440 908 290 457 10 888 610 370 679 476 460 319 837 112 191 850 102 676 927 403 406 678 227 405 773 858 794 377 196 815 302 924 853 718 46 171 788 917 354 434 190 514 512 931 682 544 674 476 126 821 870 843 724 636 698 835 638 617 940 441 287 797 203 526 61 436 463 490 888 844 873 68 167 311 362 385 51 568 481 109 860 961 820 416 810 210 407 439 449 382 131 39 98 247 701 522 60 841 800 493 603 242 149 71 791 173 473 397 598 576 966 784 434 933 808 360 297 554 634 894 437 285 465 432 516 494 108 543 649 19 16 468 308 381 255 631 866 880 429 387 67 839 26 707 941 840 157 476 595 464 582 56 526 922 900 83 949 236 193 561 199 138 333 501 357 103 737 795 15 646 148 628 366 511 258 288 496 325 25 759 120 310 605 400 368 363 6 254 915 751 704 856 424 624 830 339 261 879 864 91 294 662 442 267 778 696 814 180 431 137 916 878 317 295 356 491 230 158 891 503 235 957 597 335 398 505 669 479 618 499 446 780 495 304 858 53 851 881 276 770 321 386 715 375 712 602 960 175 637 573 41 379 262 13 906 104 885 93 731 963 345 296 42 726 671 453 599 414 732 214 63 619 736 207 500 508 783 258 166 433 185 767 824 807 689 717 469 719 833 828 123 117 374 332 813 114 349 179 412 912 80 905 771 468 95 620 754 415 36 766 960 656 819 683 653 831 140 92 371 488 804 648 483 684 170 560 132 266
1000
522 575 407 757 988 576 612 630 505 637 344 949 562 703 166 876 7 15 869 716 271 31 769 805 277 93 790 664 776 583 296 380 817 987 789 376 217 724 183 137 614 94 437 73 792 657 289 204 800 920 843 74 252 3 446 928 352 276 353 269 82 766 226 931 242 115 421 558 688 311 621 932 102 889 908 882 942 574 25 391 13 32 18 257 563 604 392 995 187 148 964 343 259 566 410 646 92 340 661 85 378 927 358 29 768 658 626 426 362 695 837 655 791 529 146 26 24 573 677 633 89 731 634 746 357 251 116 425 150 264 905 491 286 903 394 21 780 515 956 445 59 727 735 384 247 408 779 595 512 877 989 406 602 965 248 561 923 130 283 518 320 369 862 783 823 402 396 704 209 268 66 810 468 35 234 313 433 815 871 577 978 700 291 589 329 690 263 647 620 455 741 266 180 334 133 770 940 632 225 628 280 714 929 53 476 804 951 585 732 504 332 579 436 84 1 531 536 917 945 636 496 976 294 667 844 872 80 190 775 702 317 57 662 274 963 845 439 596 463 597 668 763 846 617 368 516 652 78 416 523 64 853 495 139 555 840 606 643 859 756 152 881 254 382 611 996 288 557 821 338 970 140 510 128 828 904 502 96 303 925 489 520 568 613 499 532 62 784 497 885 721 220 765 760 221 937 916 477 808 745 201 175 381 730 351 902 326 173 835 733 511 170 47 290 492 883 723 946 372 725 985 565 69 638 164 710 950 894 737 215 919 752 913 480 624 506 63 656 530 991 430 802 807 479 111 687 603 847 484 590 556 244 494 936 260 907 71 974 534 570 478 822 751 892 717 884 40 594 542 361 600 569 14 778 230 460 952 295 6 544 399 302 990 83 543 645 76 282 720 739 239 41 331 678 896 440 322 836 503 501 863 261 711 588 250 198 619 838 417 415 197 527 432 119 461 61 336 9 811 350 22 490 43 856 814 855 973 442 349 509 550 587 482 660 363 622 129 615 153 219 267 609 598 117 109 107 999 179 547 795 831 236 774 365 938 691 683 809 618 243 824 849 472 325 861 878 895 819 165 318 485 713 728 206 443 169 149 401 390 513 444 471 906 11 947 118 397 870 1000 651 314 70 335 767 538 799 304 968 939 172 829 742 684 977 941 310 333 409 854 27 833 627 144 434 788 517 681 28 715 142 605 156 17 262 841 466 893 359 79 97 134 545 918 429 108 670 984 106 901 793 182 959 669 508 580 19 127 465 666 374 438 2 315 771 110 235 449 301 346 933 383 729 191 698 608 447 886 909 986 205 797 830 706 553 278 105 873 386 341 834 131 420 473 88 650 36 65 100 584 403 718 469 773 772 327 653 897 816 441 366 367 874 924 812 387 560 174 342 734 255 123 839 629 292 309 400 181 412 930 99 86 370 404 324 414 330 818 842 535 601 888 223 994 103 456 890 979 375 470 507 162 193 526 299 377 186 176 747 640 58 72 122 738 23 524 237 610 453 457 188 293 616 364 49 431 207 395 285 196 464 398 418 45 125 451 46 827 697 671 692 389 55 475 867 519 648 552 308 337 850 685 113 960 34 743 707 319 794 848 592 912 147 192 450 582 171 423 138 498 551 954 467 654 60 246 373 356 124 796 168 20 306 761 348 546 719 980 321 521 253 699 185 298 30 238 493 42 265 911 675 419 224 922 428 599 8 339 712 405 393 943 581 158 208 540 966 625 157 755 961 915 689 199 135 826 749 926 705 305 857 101 229 879 213 212 427 189 385 798 607 820 91 572 328 865 145 537 54 487 981 549 659 270 323 95 33 564 114 631 347 972 910 801 121 900 914 858 500 696 665 90 679 5 75 240 424 993 992 200 458 967 701 232 787 52 50 483 371 982 136 81 887 559 781 194 413 740 151 593 177 167 98 231 388 758 159 539 541 210 160 10 554 422 686 481 163 709 241 452 216 281 104 126 891 39 77 571 753 898 754 48 764 750 214 722 969 998 673 935 273 777 161 860 178 948 488 279 825 983 233 851 635 748 899 782 694 578 222 533 211 785 284 12 44 921 249 693 195 448 297 87 307 934 462 316 880 663 486 832 975 203 525 736 586 957 623 864 143 411 642 955 674 360 676 680 120 786 868 38 958 355 379 567 272 514 245 806 155 644 875 354 202 762 971 803 67 528 639 51 56 312 141 852 256 227 744 4 184 474 218 16 112 866 591 641 726 944 435 459 258 228 37 759 953 813 345 997 682 649 132 154 287 300 68 962 548 275 708 672 454
101
89 26 72 73 75 13 34 37 10 94 98 41 21 54 22 20 82 96 52 39 13 51 95 29 86 44 48 27 80 63 45 12 78 46 36 4 65 62 97 13 83 66 59 32 62 18 35 25 31 8 53 99 57 81 91 9 17 43 68 87 15 76 47 33 14 7 56 85 64 74 79 49 50 30 71 11 35 90 69 40 2 58 23 60 67 16 100 60 19 24 70 64 77 7 88 1 5 55 27 61 48
871
64 606 573 747 847 859 848 109 680 358 501 341 376 182 360 318 305 779 336 43 71 330 4 244 777 454 763 154 571 463 647 722 170 394 764 430 413 174 123 550 774 403 98 15 385 845 482 742 863 295 397 289 368 757 83 37 695 110 475 66 142 290 605 199 841 282 793 99 521 860 716 275 549 389 382 390 568 35 348 523 480 117 434 359 746 643 784 524 803 401 476 381 655 850 319 425 102 595 789 312 445 468 100 628 818 134 551 252 365 278 744 717 670 96 384 865 811 392 725 572 760 458 484 248 474 706 470 794 216 508 529 815 23 297 496 544 862 700 324 183 656 419 812 366 435 527 221 92 588 307 241 164 504 678 267 339 377 712 189 494 338 541 187 61 132 300 835 869 194 534 375 634 451 672 31 133 821 520 46 105 220 559 545 284 617 310 654 462 837 322 203 531 804 388 443 547 409 851 165 694 56 806 120 514 503 755 465 411 533 72 192 697 840 816 311 546 579 754 129 20 844 660 634 471 138 633 846 761 566 429 75 797 594 427 824 136 765 693 225 351 795 393 263 329 112 591 185 422 810 237 505 801 624 867 335 347 65 602 186 730 421 485 805 676 285 856 59 582 663 667 740 139 614 782 62 50 354 627 530 3 838 830 598 753 236 82 8 652 734 745 193 256 831 291 738 843 126 646 179 540 479 239 855 157 224 408 486 238 197 33 53 227 720 615 229 456 191 446 44 173 410 124 218 309 323 807 274 736 440 658 823 799 232 314 325 798 58 822 575 30 707 42 776 22 153 739 473 599 399 517 158 302 460 689 644 616 610 340 792 453 49 641 555 431 78 332 490 703 692 38 464 639 684 758 67 508 298 491 515 813 442 420 788 147 609 230 349 459 242 506 687 209 854 748 151 317 94 29 200 273 666 778 114 63 771 231 769 436 386 93 104 814 6 45 642 719 487 249 796 423 637 447 682 69 509 440 326 77 406 662 596 21 122 437 235 461 858 574 334 420 146 404 44 14 651 510 685 196 787 558 277 12 101 253 766 756 466 9 691 391 306 819 202 70 866 444 800 119 729 254 630 483 271 379 168 352 448 208 356 702 842 414 826 258 257 519 688 7 718 137 543 477 28 518 648 556 87 636 250 489 281 206 321 205 648 211 85 376 513 48 276 315 36 522 303 51 599 502 125 333 34 668 500 532 601 163 152 493 350 828 47 103 481 268 726 145 698 658 710 27 825 557 820 353 638 839 623 99 450 66 369 219 426 536 741 288 704 166 287 715 495 657 178 116 286 378 492 39 396 91 405 552 452 587 140 11 374 604 313 603 372 762 443 149 728 871 299 576 775 344 768 223 474 13 790 711 507 198 412 833 73 567 135 17 90 402 538 416 2 723 635 780 264 590 565 213 343 361 355 214 808 245 337 331 424 791 827 234 395 97 371 528 829 753 578 167 272 696 364 320 564 25 516 864 852 89 270 250 247 204 836 60 629 773 379 433 584 168 171 438 177 632 54 817 175 412 169 128 664 181 269 176 141 512 328 526 84 95 686 260 750 721 217 568 370 713 649 593 363 79 19 783 222 749 118 127 699 772 251 172 113 679 732 640 585 548 215 357 853 279 367 439 160 40 304 280 539 417 669 600 161 857 210 497 577 659 243 418 195 428 583 130 560 677 233 106 86 159 150 683 180 592 190 201 554 80 695 184 681 432 709 246 16 457 690 41 580 226 306 449 701 24 786 373 724 553 18 188 144 469 316 611 631 671 362 570 108 789 781 537 308 498 751 478 622 301 653 240 535 346 597 870 107 441 743 625 212 561 832 345 10 5 645 562 115 621 563 731 76 541 733 68 26 81 162 810 488 569 148 525 620 455 407 155 74 131 684 262 57 714 661 296 735 207 1 727 261 472 586 868 499 747 705 770 550 327 626 143 708 607 752 759 675 293 228 849 387 608 673 737 415 767 398 400 467 52 292 461 619 259 542
20
13 20 19 19 1 20 2 18 8 8 4 11 6 11 16 17 14 15 14 1
231
129 146 163 23 208 179 224 211 23 170 126 135 60 178 67 6 154 158 192 91 4 1 103 15 228 30 50 145 117 39 7 73 83 174 61 204 110 100 81 70 81 226 139 45 166 213 152 63 16 27 116 8 231 5 230 215 29 5 108 75 80 95 19 207 143 216 177 38 195 100 19 175 8 117 60 80 90 185 158 35 78 125 66 182 82 92 81 202 1 180 40 219 90 113 88 68 183 72 158 64 33 16 22 130 19 3 24 31 158 134 41 126 102 219 6 139 130 58 183 99 217 193 70 205 184 29 65 104 1 39 217 194 189 226 92 8 227 126 190 55 125 107 149 90 222 99 209 154 13 190 15 54 163 227 185 187 105 146 106 91 132 168 65 95 173 25 29 4 192 26 80 161 150 194 113 160 27 80 136 186 183 140 117 70 230 51 142 187 161 70 113 105 206 27 135 129 43 231 104 128 168 153 167 177 92 7 64 47 144 97 50 37 143 78 13 203 68 87 135 186 215 116 28 207 59 71 22 12 110 129 53
20
17 5 1 1 7 18 1 10 15 11 5 6 11 5 3 6 2 4 2 1
200
95 124 56 51 37 126 11 107 73 58 127 6 67 123 23 117 55 181 190 74 164 170 32 99 175 106 90 120 18 160 63 11 50 137 168 11 81 75 84 191 186 154 21 153 179 45 11 152 122 177 72 27 189 113 111 118 46 23 190 158 87 76 142 117 83 93 91 80 23 106 114 69 134 2 96 48 6 196 139 64 55 88 43 186 137 64 122 13 72 107 168 130 66 96 141 106 151 27 39 118 87 154 120 140 170 48 27 17 98 87 108 98 184 27 150 159 157 135 148 133 115 127 11 3 78 131 110 156 22 119 66 16 35 101 105 191 97 118 131 162 174 13 171 159 40 113 86 14 6 158 173 30 38 67 7 53 196 115 37 12 184 52 49 185 71 8 32 83 158 118 32 145 20 46 71 137 20 104 23 192 58 165 79 149 194 78 123 143 101 141 188 175 29 129 153 138 107 60 200 22
20
20 10 20 1 7 8 1 20 20 2 15 19 15 3 6 9 5 14 2 8
100
18 65 78 79 91 73 77 28 86 17 67 24 74 88 5 26 5 19 96 21 40 99 55 33 14 85 2 90 71 4 55 43 25 95 21 25 41 17 97 75 9 80 8 48 18 62 88 67 44 78 22 26 72 67 24 34 49 37 89 59 52 92 82 29 64 28 69 87 6 58 12 51 76 61 13 99 95 63 100 22 80 80 20 50 43 1 46 10 53 56 57 94 76 60 3 68 51 34 83 70
59
39 19 1 48 10 41 22 44 34 18 37 2 21 7 49 3 56 1 15 8 59 25 45 31 14 24 46 37 43 3 34 27 50 11 25 24 13 11 16 58 30 32 52 5 29 35 24 34 6 51 42 54 34 40 28 20 28 22 47
996
923 149 630 470 541 825 639 975 596 552 40 436 910 566 496 742 397 589 839 798 26 685 492 130 927 147 343 316 439 750 617 308 92 827 55 292 709 186 806 185 728 547 537 16 215 677 202 874 989 36 270 58 697 473 67 99 384 52 64 732 559 891 634 707 352 57 46 281 764 959 563 776 734 786 560 265 805 184 263 242 974 642 74 918 776 757 190 1 20 461 247 88 806 200 951 583 450 628 831 934 152 602 812 348 272 699 15 353 10 261 616 601 562 58 716 592 611 137 803 594 216 516 143 575 39 968 986 229 548 24 52 625 95 111 720 888 289 463 371 181 807 658 273 992 335 426 2 30 578 234 280 391 711 761 311 792 94 387 864 263 197 721 869 953 227 872 920 23 26 327 659 582 305 862 766 648 587 112 111 386 644 266 340 465 305 574 955 22 320 87 37 721 754 626 445 284 741 298 682 124 479 70 457 647 143 949 919 137 9 930 802 464 291 48 675 545 134 536 157 814 871 398 459 131 995 902 772 328 690 867 972 177 424 522 431 449 208 350 937 698 864 533 195 850 127 76 417 247 446 481 639 395 669 691 755 571 538 737 564 364 848 624 79 323 576 731 539 121 884 761 62 585 314 359 596 541 629 371 86 331 594 719 515 325 762 340 950 373 220 204 476 664 752 447 225 135 714 809 42 937 633 280 352 339 882 610 723 409 190 614 4 930 242 302 498 770 490 749 744 544 373 659 783 379 446 100 847 837 993 324 941 329 300 696 406 108 828 146 535 190 270 665 455 813 654 733 756 317 129 595 866 303 415 113 483 374 393 546 822 609 779 618 321 571 25 497 885 894 511 657 385 97 321 635 466 350 326 861 996 179 554 81 410 17 776 815 30 369 203 295 50 60 917 824 213 828 274 859 291 448 606 856 868 855 916 13 702 824 375 422 70 901 208 451 865 365 330 188 463 362 388 503 316 93 253 797 584 906 808 541 79 646 84 717 853 423 351 675 605 380 288 523 968 293 663 615 963 910 747 235 101 878 246 900 306 860 168 4 211 903 920 157 791 212 421 471 363 874 66 887 641 639 499 545 553 756 442 9 108 648 700 123 454 641 105 528 806 660 262 869 460 763 114 160 370 751 978 942 524 433 434 501 437 311 590 656 509 378 44 84 304 705 970 550 468 283 249 8 361 460 282 100 156 901 676 785 762 89 908 609 104 705 19 782 821 683 561 193 753 400 276 668 383 257 883 924 197 983 932 164 165 945 629 818 864 267 838 28 244 425 537 341 355 212 14 780 87 485 271 926 840 957 35 708 939 863 381 904 876 214 184 204 487 416 795 773 382 803 333 918 584 816 694 281 835 730 153 936 210 111 299 960 336 608 568 228 771 990 991 231 683 305 478 781 518 907 834 159 655 709 268 327 428 892 563 542 777 964 332 478 188 914 29 473 61 643 32 767 453 915 484 656 508 310 742 47 259 37 399 83 716 460 959 131 807 642 103 145 443 78 955 142 784 851 300 760 344 21 158 599 504 428 356 322 582 909 829 647 911 571 372 59 897 40 817 332 886 558 38 569 429 725 34 577 913 254 356 686 758 895 405 992 281 252 861 675 418 592 954 144 570 719 180 760 92 5 726 990 192 558 469 905 276 446 956 432 967 970 630 120 140 514 404 386 593 7 279 142 599 906 529 115 132 261 345 977 376 769 493 196 315 126 539 153 667 65 296 856 223 90 293 315 530 933 32 526 632 509 976 774 258 519 222 877 218 85 16 940 619 525 53 85 693 129 482 73 696 209 334 490 602 841 540 842 250 341 363 450 245 409 294 502 243 27 889 112 109 506 931 307 320 49 106 245 484 987 402 554 31 534 366 715 986 515 407 72 759 513 902 419 637 356 748 654 214 687 510 98 692 295 879 452 767 958 652 198 278 561 748 101 175 269 419 970 170 402 342 462 551 73 925 818 488 694 393 992 636 389 318 288 194 113 379 468 902 177 633 846 833 107 994 556 746 464 233 264 896 616 985 341 567 689 251 565 621 764 377 207 810 264 337 303 122 477 704 313 6 801 557 448 794 980 630 174 661 767 811 286 31 642 848 498 182 338 43 367 413 696 357 75 160 142 775 392 319 133 753 871 740 667 403 870 306 593 949 339 252 188 671 184 988 932 489 852 319 881 714 727 586 400 188 938 894 521 684 374 674 126 377 513 353 607 862 703 77 427 221 670 368 17 572 956 893 402 804 248 475 899 782 857 858 702 588 743 854 201
1000
567 678 883 717 925 134 449 850 701 948 479 524 419 109 727 406 372 484 441 245 589 649 129 975 870 760 544 398 568 328 63 927 304 339 826 582 94 562 157 964 131 238 804 461 44 774 92 285 481 28 90 144 195 735 858 593 424 6 126 596 402 738 31 648 222 306 373 233 812 953 660 397 552 667 768 442 234 546 784 450 805 433 272 670 634 176 495 487 985 425 966 935 13 37 757 938 375 954 801 651 689 510 632 170 834 952 755 862 14 666 819 814 368 200 281 337 474 730 302 388 548 710 739 754 857 59 888 160 669 547 159 468 726 741 997 180 821 998 868 900 420 592 601 338 712 311 163 625 995 352 513 853 166 236 252 273 39 742 115 840 261 299 147 269 809 153 896 662 517 872 916 827 448 799 734 86 772 922 559 136 533 981 992 379 682 427 135 820 847 778 310 275 845 376 556 139 300 181 599 114 610 477 659 249 45 110 412 564 291 543 822 294 982 416 647 802 942 111 866 894 958 184 257 421 703 499 286 68 74 356 587 996 875 614 464 758 381 42 530 594 795 566 476 627 657 787 313 428 613 262 378 198 860 293 817 911 223 539 504 600 161 839 638 590 960 684 496 691 607 456 973 83 156 211 192 113 720 683 232 511 350 228 422 947 48 227 172 469 329 578 209 423 254 265 2 676 993 573 162 197 980 119 438 218 880 779 214 358 950 191 146 704 702 492 999 10 96 443 746 693 519 130 204 752 65 773 220 813 215 815 462 965 541 579 989 560 116 440 301 841 491 728 690 404 696 620 776 488 605 502 790 73 317 902 664 230 390 308 295 694 705 471 123 498 764 976 886 687 816 276 723 17 277 893 97 194 889 251 250 565 213 334 807 34 865 325 591 359 810 357 512 389 808 489 22 913 260 796 962 77 444 61 824 344 503 595 967 797 612 800 542 636 848 878 382 931 843 769 716 407 224 3 292 57 410 984 186 248 540 384 611 472 82 330 951 771 711 303 164 320 606 458 318 401 454 991 558 173 167 846 892 112 986 445 229 480 979 154 876 76 165 169 102 235 603 661 342 132 4 207 362 432 75 117 609 447 202 867 274 289 49 941 531 18 53 210 837 348 394 255 108 314 288 545 87 267 685 364 226 759 35 829 405 259 597 987 963 932 331 7 956 391 151 977 206 745 436 946 321 279 823 345 538 12 793 961 940 639 789 748 483 370 572 555 957 944 718 523 258 95 333 411 633 851 494 78 387 121 630 88 283 598 969 332 628 671 692 528 179 882 675 323 788 270 380 242 490 29 363 185 668 52 618 937 360 515 521 988 264 298 737 36 576 697 930 677 231 604 21 583 392 142 56 869 463 60 505 803 70 122 143 852 196 588 706 374 928 38 475 201 431 409 341 532 825 885 724 551 287 240 899 575 955 290 189 792 244 127 473 152 714 926 945 85 688 655 665 263 67 581 141 978 924 934 914 906 124 64 322 933 100 747 452 624 104 672 509 33 203 71 466 168 929 355 637 324 470 571 467 84 465 656 777 783 561 296 586 520 842 806 767 437 863 266 497 725 336 635 695 343 268 557 1 460 905 859 30 990 898 11 9 920 225 312 361 187 243 855 1000 700 901 145 721 631 864 415 761 537 833 526 713 740 371 617 367 133 15 50 830 118 917 890 844 175 54 861 459 62 183 570 756 158 921 19 516 319 652 732 316 762 794 212 619 439 107 27 780 753 500 26 971 527 501 148 891 155 681 879 418 904 983 177 326 46 939 347 673 190 686 884 47 923 674 79 959 943 246 51 529 351 838 626 622 751 241 149 408 430 174 608 99 216 654 43 81 680 383 393 554 534 791 69 650 20 41 369 918 887 307 188 137 629 522 403 615 150 386 949 400 327 895 907 719 105 910 970 346 707 715 881 16 679 417 733 193 525 280 577 506 8 120 602 208 877 766 968 125 55 23 549 736 101 856 493 385 219 478 699 897 25 849 453 915 282 786 434 854 414 798 305 365 455 908 366 247 569 818 278 377 128 765 451 641 58 831 335 340 722 621 140 253 354 199 770 395 646 832 919 912 835 256 909 396 645 873 171 731 763 80 749 743 178 782 643 5 871 32 972 663 585 349 508 485 644 729 775 574 936 974 237 482 217 640 536 811 518 284 994 828 309 435 106 708 98 623 486 535 221 785 750 413 72 507 40 563 91 781 903 553 836 653 66 271 205 24 658 514 642 457 429 182 550 399 426 89 239 874 584 616 698 446 580 297 353 93 103 744 138 315 709
200
16 150 1 80 163 115 26 104 31 186 98 48 39 138 158 183 103 191 190 166 176 65 14 119 177 165 79 191 137 83 93 17 126 9 93 80 113 11 189 30 133 147 141 125 151 120 1 143 190 87 54 32 78 35 189 166 191 15 50 169 76 97 6 38 91 108 51 154 40 85 21 117 84 35 134 110 147 53 107 89 20 54 145 41 12 57 94 64 133 143 144 68 141 7 93 41 7 105 184 108 80 149 172 74 103 164 145 31 166 45 26 160 19 194 142 104 22 125 98 24 165 96 161 30 78 74 158 190 192 84 48 72 124 125 121 143 145 190 109 22 97 90 91 171 7 149 51 198 63 79 191 61 192 114 126 49 5 105 39 40 18 186 49 42 6 61 188 77 4 20 7 199 198 167 117 22 103 164 63 140 9 122 194 72 131 29 40 6 133 109 91 33 17 27 86 16 101 72 81 48
3
2 3 1
10
6 1 1 1 1 1 1 1 1 6
53
20 3 38 41 14 15 19 42 12 40 25 37 24 27 23 37 53 48 8 27 47 5 11 18 22 4 22 10 9 49 50 44 39 6 2 43 29 51 31 13 17 32 34 48 33 26 45 44 29 16 1 35 30
10
5 3 1 5 4 3 1 2 3 7
100
11 41 83 75 57 38 47 37 94 8 52 13 93 55 5 44 22 90 24 61 34 23 79 77 7 74 84 78 60 29 46 12 89 39 16 95 68 87 48 17 66 40 56 98 15 76 20 71 26 51 53 81 72 96 70 65 69 3 62 2 31 50 54 80 6 63 27 21 100 85 67 18 45 14 32 19 59 30 25 91 43 35 33 64 92 42 28 4 49 82 73 9 97 36 1 88 10 99 58 86
10
3 4 8 2 10 3 2 7 5 9
572
493 442 436 255 313 441 559 523 80 3 98 326 243 546 400 194 84 19 139 528 267 97 175 321 388 399 231 315 128 76 27 83 412 93 228 362 206 178 291 468 308 173 484 408 448 452 59 432 214 345 127 545 18 167 66 112 134 96 447 285 510 547 553 169 143 385 423 359 418 190 15 532 395 538 396 116 525 262 570 61 4 522 56 226 185 543 176 328 32 381 251 82 409 165 524 58 148 540 529 50 568 113 218 403 374 213 297 373 40 122 507 2 386 499 567 152 309 103 317 371 456 405 238 57 121 224 149 348 125 295 182 351 279 482 232 87 466 495 136 411 453 424 320 536 130 164 73 470 211 257 541 30 138 508 242 296 215 198 444 31 533 273 402 435 530 253 416 270 357 21 126 199 446 105 480 53 202 486 94 162 394 141 145 531 335 235 420 107 268 275 563 249 264 49 389 339 521 287 28 422 274 44 413 250 467 191 511 186 475 520 302 368 344 481 318 471 488 496 233 346 329 43 364 171 208 17 41 505 180 375 554 457 38 294 157 407 151 123 216 390 473 414 431 434 378 170 527 429 417 323 263 415 278 280 118 277 425 286 372 183 77 144 91 209 201 367 246 34 450 572 205 489 303 68 8 166 379 245 428 254 314 47 102 23 519 36 234 504 65 22 539 384 88 33 55 42 120 240 92 565 306 449 229 158 37 458 256 292 427 13 383 230 9 111 46 281 478 225 462 222 472 491 311 69 552 474 440 503 492 392 404 463 133 227 24 154 35 332 517 356 26 324 6 210 497 100 299 108 247 391 509 535 181 67 421 74 78 561 557 282 62 258 187 223 336 331 265 566 558 433 487 140 39 271 259 90 537 502 307 464 376 358 110 334 485 147 560 101 75 298 72 355 89 353 283 363 177 305 244 272 197 54 195 349 490 184 338 513 168 219 312 304 443 269 512 445 196 354 518 7 556 476 544 124 70 85 341 333 16 401 276 11 483 117 438 241 506 29 534 131 51 393 45 248 99 380 360 203 343 155 330 10 153 310 81 129 352 5 172 193 146 319 220 156 477 137 174 109 365 290 455 366 562 325 460 288 465 555 64 284 498 501 370 289 252 410 71 361 188 204 469 221 350 119 515 239 236 159 25 212 142 454 293 200 135 160 347 322 514 301 327 260 550 542 207 161 500 419 340 437 106 316 150 95 548 459 426 20 163 179 237 1 516 439 337 479 571 549 461 300 406 132 369 551 569 14 217 261 63 52 342 12 60 79 564 451 430 86 104 48 382 526 398 494 387 192 115 114 397 266 377 189
1000
154 389 355 735 831 178 717 758 133 256 399 15 750 418 346 451 462 920 145 235 228 884 411 616 453 455 852 176 615 201 174 612 92 484 639 368 221 661 950 10 700 501 377 856 996 997 910 693 907 19 295 799 541 100 300 874 464 447 527 212 502 272 875 173 324 456 73 677 743 205 993 791 181 529 610 591 388 515 229 445 869 146 846 57 659 159 991 709 776 486 87 230 243 905 546 918 509 353 252 340 986 913 564 726 820 867 961 245 625 818 786 968 463 341 721 260 430 84 198 958 519 919 849 490 829 587 556 458 717 657 958 372 322 540 356 449 473 269 538 303 602 678 789 975 334 491 26 745 571 384 208 724 723 419 366 2 408 219 443 787 329 358 93 822 814 376 734 72 580 657 873 684 924 819 886 304 325 893 587 901 981 740 137 581 816 50 130 712 637 549 403 142 410 383 699 527 956 823 594 695 183 493 689 33 966 54 218 702 674 640 258 667 156 735 788 634 416 488 505 527 450 36 525 541 713 576 101 116 741 150 825 839 294 865 373 337 544 707 655 325 131 965 817 566 795 531 89 467 149 888 608 518 110 316 374 906 434 565 426 669 596 150 496 961 452 853 666 416 590 946 17 444 606 785 783 27 373 605 293 731 3 225 639 317 78 863 89 730 111 246 617 994 914 99 844 348 242 873 333 153 265 91 892 962 569 121 192 980 533 199 186 765 147 303 23 269 367 203 672 64 295 297 941 320 412 810 338 315 883 680 771 747 175 709 454 117 612 647 553 952 18 599 995 42 38 299 47 134 310 585 833 771 480 355 381 645 82 592 932 20 600 835 31 781 67 768 650 579 712 296 626 68 503 424 43 970 347 358 360 766 631 954 640 362 577 967 195 484 387 693 223 209 972 808 476 187 434 291 110 514 746 793 101 319 838 840 871 85 382 718 560 586 211 478 429 106 528 200 53 180 861 26 628 499 65 738 621 492 538 722 889 264 141 343 973 802 660 798 555 404 875 274 132 574 698 486 858 168 815 660 11 563 598 522 302 314 601 326 217 302 602 573 182 363 653 54 836 158 417 148 37 184 171 307 214 407 275 949 685 923 931 144 860 312 84 737 149 960 935 463 963 719 497 536 337 301 969 223 742 718 894 841 332 497 955 589 647 45 930 330 748 860 52 526 944 433 431 330 108 508 610 439 895 789 593 21 620 855 127 801 763 284 759 641 814 383 438 539 79 7 843 311 766 651 810 378 103 319 694 434 943 537 517 636 93 987 77 481 827 75 157 821 780 619 984 71 135 430 632 256 259 989 744 703 826 550 692 678 933 943 604 342 731 596 105 391 440 40 834 29 937 405 240 35 344 567 851 697 172 870 933 114 641 507 16 882 199 614 585 681 988 56 142 63 465 494 983 947 151 618 807 237 421 162 339 288 506 350 215 472 623 739 345 41 767 837 239 554 665 364 251 796 276 627 96 506 908 4 907 401 493 331 254 79 58 791 643 201 436 864 778 964 501 218 706 508 898 207 400 609 652 69 765 736 759 136 903 708 318 710 328 44 357 934 775 927 605 216 833 711 679 959 979 691 292 883 682 394 831 131 782 940 61 803 534 349 181 992 542 233 418 716 380 774 164 863 773 282 530 742 701 562 676 557 783 1 842 905 872 361 928 160 277 263 848 344 904 13 205 432 891 291 126 482 809 524 379 309 506 487 977 385 861 28 919 895 659 911 481 571 385 254 900 662 152 193 125 236 132 285 552 342 370 832 222 793 815 638 197 734 24 111 290 230 754 845 365 321 284 758 60 868 575 937 483 288 394 671 375 621 6 887 22 336 211 462 46 922 231 123 85 174 55 625 55 752 335 687 118 982 890 459 471 729 308 232 403 352 475 709 213 393 549 409 204 588 971 945 247 853 869 185 104 420 83 721 914 635 94 70 866 396 469 104 927 729 446 919 423 306 281 348 704 198 897 559 715 112 272 896 857 453 877 155 705 206 30 622 285 902 47 425 572 188 584 97 561 926 165 804 415 49 428 392 529 642 466 448 86 912 215 14 86 476 128 248 985 630 722 52 427 275 523 805 967 376 75 261 189 516 511 414 520 882 428 161 406 9 519 346 921 702 479 764 169 433 489 806 2 547 305 268 76 166 95 915 779 428 445 226 439 234 329 644 998 196 130 978 842 244 124 442 792 342 731 323 714 357 878 879 38 946 435 252 271 263 669 688 158 988 732 859 255 279 66 597 102 148 250 467 313 1000 207 880 39 98 790 390 656 474
200
107 72 78 8 198 130 70 144 25 132 92 175 40 61 14 45 100 109 38 160 45 96 110 42 126 32 101 48 48 153 28 173 172 72 154 87 144 120 87 122 129 103 109 148 44 80 170 87 146 74 98 32 43 66 158 134 52 172 146 198 127 78 194 103 189 139 171 20 191 43 136 141 109 57 119 122 173 44 173 47 20 133 139 36 139 120 56 64 123 151 117 79 37 149 161 140 59 7 14 37 57 8 147 44 34 136 114 30 11 31 176 10 115 99 21 187 103 89 60 132 72 99 181 138 109 48 49 88 159 65 56 7 74 57 52 143 34 41 191 91 89 67 144 189 36 81 1 180 130 11 34 200 157 88 68 170 115 132 154 120 159 174 31 16 105 77 149 134 51 93 13 27 168 37 80 169 122 171 145 12 191 146 26 118 6 70 169 72 33 164 45 193 78 69 68 194 62 117 103 122
50
40 18 30 27 20 35 12 12 17 20 40 7 31 38 6 15 34 7 1 14 26 36 33 18 17 42 1 5 10 24 6 19 46 43 50 17 17 46 31 2 1 25 44 7 48 10 10 24 10 27
502
160 142 126 60 100 123 134 443 426 290 20 74 283 486 234 347 350 166 366 151 77 149 490 47 296 460 107 227 104 448 484 116 321 276 488 433 186 499 491 464 410 317 280 492 341 251 230 483 287 415 402 89 33 352 85 248 462 338 261 264 405 57 59 194 200 372 294 364 157 1 187 485 90 309 19 220 498 482 238 454 395 401 50 154 69 78 199 452 167 113 95 225 263 409 6 124 404 478 271 119 349 77 424 84 177 4 333 298 473 260 407 431 479 131 127 14 369 432 439 25 427 132 353 193 164 43 411 92 356 135 209 496 45 442 257 40 16 145 403 501 272 226 207 216 295 147 447 174 392 3 437 305 467 380 481 80 253 274 37 303 445 237 301 416 97 36 130 318 156 205 219 66 258 308 41 133 181 125 114 355 379 457 188 319 397 312 414 247 67 250 363 12 332 476 42 112 444 214 357 265 408 259 210 458 26 297 371 206 68 300 109 108 101 393 136 429 169 336 196 201 51 165 494 268 455 299 243 198 269 325 493 212 46 477 428 361 115 172 98 82 182 58 388 302 252 105 117 360 21 239 83 76 211 10 32 438 62 155 118 229 313 368 242 9 222 267 79 375 24 337 173 179 343 266 17 320 286 468 27 73 307 436 381 150 378 342 292 345 502 385 470 217 335 382 279 306 190 365 48 322 202 153 245 422 289 400 425 168 176 61 270 121 255 330 373 453 197 472 192 391 384 28 285 450 34 138 91 191 223 30 362 5 323 254 215 277 56 291 2 314 497 246 495 326 446 31 435 456 122 449 224 440 284 185 64 275 103 471 70 331 316 376 441 418 102 459 383 175 475 377 53 195 236 228 480 278 358 203 221 129 218 144 120 354 38 412 111 75 315 324 71 329 110 288 339 39 233 23 370 310 231 137 128 140 184 152 241 348 178 163 282 65 141 72 466 146 420 87 244 273 8 235 430 240 35 281 489 81 344 86 143 232 170 346 44 22 367 54 396 183 419 304 256 189 213 461 394 139 52 469 434 386 88 161 500 13 311 474 340 29 96 204 293 7 159 99 158 162 374 417 327 180 262 463 328 171 334 94 389 49 413 387 398 423 406 55 359 148 15 106 390 11 351 487 208 93 399 451 421 63 18 465
200
115 39 81 31 67 148 136 147 185 193 195 35 84 55 163 129 38 145 157 190 2 74 143 51 52 24 89 96 114 67 66 5 173 67 196 13 159 110 173 76 94 124 68 37 86 23 101 22 90 19 158 73 56 4 27 120 80 163 88 136 17 93 161 132 148 167 78 65 90 17 116 52 192 153 143 177 61 67 106 23 62 7 34 113 40 82 84 29 10 16 95 80 18 55 49 102 105 3 127 25 68 153 179 154 20 121 71 1 129 38 110 12 64 135 171 127 10 177 176 30 152 87 78 33 159 43 21 14 109 198 142 152 71 31 69 145 42 118 11 177 3 33 3 112 18 194 65 183 150 64 141 136 196 111 24 114 20 190 77 90 143 2 21 9 61 46 146 123 46 21 23 168 172 171 20 10 91 62 40 162 31 40 61 127 141 83 103 52 122 109 21 200 186 50 44 200 35 26 37 104
50
14 25 38 44 3 32 15 50 27 28 14 6 36 1 47 14 11 49 48 28 39 20 37 44 2 33 43 20 32 29 18 29 49 38 50 9 4 3 21 46 38 21 27 4 28 39 15 19 33 8
10
5 1 4 9 1 5 8 1 5 6
1000
770 714 806 947 522 421 83 214 610 85 351 166 982 469 35 826 100 170 57 418 665 690 323 54 707 385 312 959 151 897 659 998 615 208 301 738 592 818 300 710 520 437 623 213 141 972 86 429 846 938 380 31 881 369 745 997 428 359 831 591 435 676 115 231 253 92 387 489 130 728 521 127 422 39 829 310 698 989 696 664 746 559 7 264 52 606 322 724 635 245 932 66 499 968 512 98 497 96 542 17 892 800 631 946 249 715 356 718 379 414 593 787 349 147 63 404 465 726 648 273 824 668 564 626 423 639 15 1 463 866 460 315 363 838 927 431 138 137 899 778 603 885 900 358 410 964 943 574 129 224 29 401 545 461 239 204 817 907 540 241 209 652 617 567 859 12 758 973 669 313 965 797 131 915 722 837 295 919 367 439 389 921 381 979 577 990 406 942 657 483 632 504 533 319 749 815 427 736 888 453 774 528 572 156 357 855 995 646 472 246 471 405 44 8 432 865 570 588 967 409 874 495 994 150 392 207 345 434 459 857 783 370 303 77 720 278 152 672 443 311 160 627 454 931 90 289 862 259 105 546 332 493 65 616 734 801 149 816 248 441 514 940 719 791 430 101 889 375 554 685 802 941 484 884 164 873 133 590 11 118 308 415 91 987 277 211 360 535 445 985 119 910 490 957 498 773 694 820 458 254 733 763 233 918 281 525 163 517 172 350 355 27 285 488 132 556 651 362 194 64 87 45 23 153 894 187 731 981 565 575 730 251 236 442 678 788 320 524 537 569 928 398 810 346 16 344 680 585 227 607 776 327 518 382 586 107 825 858 24 287 650 244 891 578 230 582 179 697 777 232 396 496 759 411 19 598 937 412 466 51 183 291 333 675 26 523 67 755 181 596 644 225 446 971 595 741 977 342 747 68 960 974 913 317 212 822 798 898 220 145 684 378 653 110 936 992 468 20 779 877 6 638 125 916 282 929 500 178 48 265 136 215 190 228 58 326 42 416 114 689 887 184 286 673 729 393 711 761 949 482 750 584 200 243 661 84 589 299 124 235 993 958 879 539 117 796 266 417 699 288 581 56 864 536 983 21 549 352 923 566 966 450 630 895 32 848 307 314 790 293 692 811 252 548 222 116 97 305 93 402 121 823 925 192 677 702 587 912 159 366 600 712 986 261 681 602 436 353 611 41 71 5 386 283 980 766 828 202 3 975 716 647 193 945 922 474 605 880 464 917 61 99 953 425 74 250 70 494 477 622 643 878 789 269 854 316 597 36 82 268 852 240 139 123 329 480 43 849 340 217 793 203 988 148 201 893 185 364 601 95 703 154 628 452 348 318 507 218 280 275 60 37 111 976 395 390 557 177 704 511 579 870 140 238 53 948 868 955 451 9 519 739 717 984 337 258 88 756 905 836 754 550 304 911 324 10 242 544 842 821 62 191 338 970 89 723 688 219 18 687 171 695 799 391 809 867 532 144 683 861 560 162 413 562 872 775 189 210 76 126 455 920 679 80 654 223 267 122 614 969 780 513 444 309 384 102 637 335 298 347 515 34 649 257 270 563 640 50 440 22 882 491 863 509 642 79 368 33 751 609 902 506 666 727 740 161 25 297 73 40 447 205 952 2 851 531 613 14 263 819 807 914 906 667 438 180 769 456 55 331 830 700 113 255 284 198 812 827 612 705 49 832 109 743 930 81 399 909 599 470 197 553 510 621 47 618 176 167 682 658 448 772 302 845 276 526 890 805 663 501 835 762 296 467 541 271 229 134 419 671 908 530 656 876 834 732 112 336 373 383 757 886 334 944 634 226 339 407 478 403 256 725 529 933 768 847 128 583 645 343 492 737 237 904 196 547 157 38 765 516 935 604 903 808 120 833 841 527 75 173 59 742 896 871 771 620 426 856 195 869 744 629 571 999 764 785 686 486 568 961 69 561 956 555 206 394 330 636 165 875 996 247 693 473 216 748 901 924 840 502 660 655 142 221 860 784 420 552 306 538 962 691 794 274 803 792 813 199 641 767 72 371 576 325 551 914 30 103 457 143 786 701 625 814 619 388 158 781 752 292 624 508 155 896 174 424 106 991 760 662 182 354 479 487 503 939 135 341 146 188 108 954 804 951 839 400 377 169 926 262 272 168 361 321 534 795 4 376 449 1000 934 713 543 374 608 853 294 462 28 175 850 706 978 476 708 481 485 94 670 633 753 46 735 408 721 594 397 963 104 372 328 13 475 782 290 709 505 573 78 186 883 558 674 260 365 279 433 580 844 950
53
22 27 44 49 44 37 4 30 26 12 41 2 46 31 47 10 40 48 29 52 34 1 24 36 17 53 42 5 15 3 11 43 8 20 13 16 38 32 19 9 50 7 18 8 22 33 45 51 42 1 7 35 28
10
3 6 4 2 9 5 5 10 5 3
1000
106 196 28 82 736 331 652 776 644 705 244 850 621 585 73 846 26 769 367 364 287 424 467 440 933 575 542 32 721 52 94 251 476 395 779 296 338 905 109 91 285 335 682 259 675 550 566 167 275 931 426 819 601 182 240 341 581 790 631 904 533 913 702 647 764 9 100 529 611 740 857 551 314 355 849 614 845 782 498 174 124 268 916 879 101 859 855 517 146 439 477 190 843 495 475 233 442 431 884 903 820 1000 20 438 389 615 55 471 984 227 584 816 951 325 10 409 177 221 35 462 211 840 418 565 224 13 354 833 238 894 483 715 12 918 594 117 105 64 612 300 972 317 746 785 140 492 501 552 143 944 125 880 280 270 208 169 231 206 184 157 329 980 150 654 60 16 17 234 628 867 921 731 486 842 308 202 979 822 288 69 739 43 425 293 345 604 466 706 986 441 75 284 828 245 232 491 868 936 66 263 681 680 568 802 532 610 648 861 200 544 249 51 302 637 286 522 267 712 711 623 889 258 499 554 380 939 836 95 496 482 993 80 144 692 248 201 68 909 56 713 641 31 110 423 485 963 639 952 192 560 71 914 139 89 726 540 513 553 854 366 669 645 728 841 829 322 379 518 976 388 608 472 142 949 690 945 203 39 974 473 658 57 131 965 924 734 583 760 412 709 7 385 844 243 788 962 688 92 470 86 481 929 173 96 926 510 622 281 406 821 115 856 183 753 636 526 796 164 570 411 777 961 18 627 126 122 373 922 555 371 262 761 750 19 84 629 316 159 407 946 429 771 97 881 996 494 823 141 813 523 448 99 304 875 130 369 899 953 509 999 576 870 337 453 381 178 877 422 1 273 762 398 656 332 595 291 985 321 911 520 351 414 745 408 703 479 62 686 237 835 348 175 261 640 416 732 791 210 277 809 725 577 958 478 123 508 906 514 684 655 977 959 104 464 54 127 536 810 925 694 826 783 384 885 934 871 378 162 650 851 983 23 866 693 214 432 25 900 394 315 154 392 359 137 444 230 323 147 723 730 567 839 132 988 417 45 33 148 500 541 3 998 515 129 166 660 530 733 155 674 313 2 700 865 920 683 590 350 707 586 995 67 613 653 630 729 181 410 646 93 858 458 401 269 749 618 65 250 74 353 716 165 360 649 676 687 445 22 197 591 582 818 506 318 6 138 917 88 994 756 489 306 433 864 361 973 964 460 484 242 502 549 538 893 928 525 797 405 852 4 112 443 696 235 559 751 283 589 70 254 737 588 34 915 294 376 699 564 935 642 320 5 997 488 616 815 474 430 662 328 886 741 118 382 161 342 957 191 189 289 598 679 156 215 691 765 180 557 399 806 265 811 271 446 253 907 860 344 548 274 757 79 108 943 505 374 708 657 966 459 312 163 792 698 910 862 219 633 605 772 804 937 755 803 787 102 673 113 524 773 635 617 434 938 256 593 324 659 135 562 799 272 252 44 114 869 768 528 78 370 572 873 188 651 111 876 748 667 511 107 397 59 767 954 780 145 170 754 955 319 596 666 519 98 763 402 558 185 563 37 848 47 21 887 950 743 339 63 600 195 136 133 58 120 801 883 305 236 362 888 103 800 461 719 247 831 795 956 368 36 333 672 469 83 186 204 218 128 48 40 978 42 447 27 375 624 714 346 547 620 194 435 356 179 722 677 357 587 606 347 812 990 968 278 468 516 895 437 176 947 205 15 689 609 239 480 365 808 793 695 789 257 786 151 830 832 634 807 632 255 882 872 30 152 400 85 770 343 991 892 891 967 932 718 853 720 781 260 340 452 168 825 372 663 160 607 878 457 449 487 571 171 890 390 685 527 908 738 625 626 391 798 463 134 759 919 363 664 989 775 539 503 290 504 774 847 229 172 223 638 421 413 216 535 752 24 213 8 81 217 747 199 668 758 404 766 981 327 834 266 377 960 428 50 330 307 569 393 940 543 710 912 61 805 665 619 116 276 531 420 14 299 512 817 193 521 778 546 451 207 246 153 970 465 580 671 29 838 534 334 222 419 987 561 198 537 298 220 942 599 396 53 336 927 941 149 358 383 545 661 241 948 579 573 574 456 303 901 814 923 784 295 670 386 49 119 493 90 992 212 902 209 264 11 77 824 744 301 971 897 597 507 602 896 352 226 46 415 282 228 76 697 158 454 310 643 975 898 187 121 874 837 704 326 556 592 727 311 678 969 38 724 930 450 578 309 403 603 735 297 455 349 87 292 827 742 225 490 863 701 436 72 427 794 387 982 717 497 279 41
20
5 12 16 16 8 4 11 1 11 8 2 15 1 9 6 6 13 7 13 11
10
3 3 4 3 9 1 1 7 3 8
20
17 18 15 17 14 4 4 20 14 8 4 2 11 3 10 9 9 9 11 5
10
2 1 7 8 3 10 9 3 3 5
165
154 144 71 38 111 87 111 147 72 25 38 134 57 68 31 68 75 73 100 70 81 20 126 127 5 7 29 157 14 93 144 112 6 16 29 156 120 55 137 135 44 60 119 154 58 107 57 135 117 13 85 62 81 22 162 21 55 82 94 107 21 83 12 84 58 158 94 161 156 58 76 161 125 69 32 66 154 149 93 25 97 126 72 118 154 82 80 130 88 154 105 127 77 93 90 134 53 138 121 128 75 30 36 120 60 132 105 59 117 132 88 109 14 144 63 132 128 120 99 84 102 31 131 37 70 18 111 49 105 33 61 140 141 83 68 125 135 2 105 124 55 120 36 157 154 154 45 24 141 52 20 30 50 102 38 103 118 88 30 44 48 57 21 154 84
10
2 1 6 9 1 2 4 7 5 5
20
13 14 18 5 7 13 15 5 5 16 12 15 16 1 12 11 3 19 20 19
10
7 5 8 10 2 1 2 5 2 5
100
74 15 90 93 94 12 100 56 62 98 67 6 26 48 2 36 70 79 87 76 38 27 45 88 53 13 22 31 64 69 28 44 61 99 71 16 85 21 82 46 51 57 72 32 23 40 96 14 54 84 41 65 25 49 81 8 42 78 89 80 33 9 66 29 52 63 11 83 30 17 35 43 95 1 86 20 92 58 18 60 55 39 68 50 37 75 19 24 59 3 97 77 4 5 73 47 91 10 34 7
100
61 25 49 76 100 74 15 40 44 36 29 83 16 64 36 64 58 88 76 51 71 29 31 95 2 58 55 1 91 43 64 85 74 38 92 3 5 95 33 92 61 76 49 42 63 86 8 14 3 49 83 39 16 6 89 62 100 17 18 8 98 100 56 16 24 85 82 31 7 88 91 88 48 33 83 4 56 63 94 17 8 39 51 51 32 91 26 18 20 21 29 32 4 33 18 89 29 1 4 62
10
6 6 9 6 1 8 2 2 10 5
160
119 136 27 88 93 65 152 43 131 19 57 74 129 143 158 135 134 38 37 144 40 150 126 15 121 130 34 105 52 108 51 112 97 110 17 20 99 122 13 59 46 85 156 149 50 81 52 3 53 102 132 123 154 113 5 18 44 160 155 125 148 58 92 1 126 141 78 75 73 1 84 53 100 146 29 54 127 79 28 64 6 94 117 118 120 109 139 19 33 7 116 107 72 30 39 87 140 32 98 62 18 89 94 22 63 153 157 45 128 147 138 133 24 9 77 124 25 11 106 68 35 84 31 69 40 96 42 41 159 76 101 142 103 12 60 104 90 55 61 145 4 8 26 95 48 80 151 83 67 16 66 115 86 137 14 111 36 116 114 2
320
313 169 301 155 222 12 107 82 299 129 188 151 317 317 257 106 151 48 50 43 308 12 30 251 174 188 222 301 67 69 77 91 71 274 72 156 225 220 206 132 203 61 20 82 108 47 97 60 59 78 281 310 302 247 171 266 211 158 55 282 40 164 91 299 130 149 81 103 196 223 96 18 25 175 160 28 129 153 26 2 38 262 233 81 116 268 249 12 157 309 232 128 204 301 298 26 172 222 185 28 192 128 150 56 249 313 7 158 289 201 168 24 42 314 137 224 295 292 83 255 66 244 269 87 220 36 280 177 82 90 97 52 187 141 284 109 264 107 26 98 33 212 104 261 94 90 295 198 159 60 260 155 231 46 4 272 161 37 85 208 90 226 274 184 250 173 290 121 34 8 98 123 89 272 204 240 102 246 52 56 305 301 45 279 256 47 114 237 284 224 104 305 93 184 85 307 65 2 318 85 18 4 36 39 215 154 106 310 271 24 246 132 29 115 152 75 282 196 191 222 134 180 126 111 136 68 203 92 148 144 78 227 116 158 178 266 54 119 45 65 6 41 68 224 270 24 141 161 274 82 164 68 117 218 141 203 175 200 213 80 223 235 21 208 287 49 293 110 39 120 177 276 191 6 260 63 65 248 262 83 81 182 82 173 24 317 74 45 239 2 250 86 152 64 253 157 296 214 319 156 162 71 240 234 73 262 303 216 218 133 282 20 241 42 83 116 183 172 147 50
128
55 68 81 74 40 91 67 34 55 34 5 24 69 10 128 53 98 76 28 35 90 12 49 22 69 34 53 25 59 125 66 23 9 26 47 17 87 84 7 65 109 105 9 83 117 78 125 43 73 54 11 92 34 92 35 24 68 20 119 90 123 113 111 19 97 126 106 96 13 87 4 66 105 119 89 116 83 128 18 63 14 6 77 112 42 94 117 39 59 8 51 19 71 86 44 117 68 80 80 19 14 106 120 19 42 29 83 73 105 18 17 114 79 22 73 110 82 53 74 124 40 19 67 16 7 72 7 105
10
3 4 10 10 2 4 4 10 5 8
100
51 24 12 65 35 59 39 61 7 93 3 29 74 8 79 21 64 15 66 10 83 81 9 76 94 58 44 73 67 19 42 77 13 45 95 49 75 40 16 37 91 86 47 6 46 32 85 98 70 5 31 53 30 34 17 87 99 52 22 88 36 28 92 18 82 20 48 57 89 50 96 100 71 41 56 1 33 90 27 11 25 69 21 62 78 54 80 43 72 68 23 2 84 97 83 4 60 14 38 63
1000
885 111 642 751 288 758 866 979 73 626 68 852 151 855 710 928 192 273 182 868 838 217 337 631 931 387 372 409 346 764 817 876 947 155 552 473 312 89 339 649 907 36 398 615 966 536 39 203 505 738 766 667 245 350 314 746 916 823 776 635 263 254 238 305 21 434 503 885 799 3 456 351 897 975 453 962 824 244 138 508 720 826 237 591 751 960 23 386 682 472 275 401 494 138 788 209 18 110 343 909 389 278 326 66 517 389 782 914 404 841 97 820 99 509 135 215 563 883 885 57 558 531 348 5 341 600 695 645 904 256 928 109 880 668 616 202 487 117 761 137 12 683 455 16 438 872 318 660 535 430 86 877 82 66 438 460 712 440 368 468 842 832 309 802 650 421 451 353 731 57 550 693 834 202 242 124 868 507 889 875 288 819 435 952 452 874 192 362 309 581 791 804 630 872 12 191 164 994 401 370 538 813 277 476 341 823 331 422 229 961 456 76 355 860 464 482 35 392 199 33 334 858 778 316 79 15 417 441 472 884 882 34 828 582 375 679 939 229 48 712 29 268 635 638 912 67 183 742 508 582 286 767 549 241 804 65 821 689 944 285 290 307 266 231 527 276 310 316 684 438 449 476 579 54 329 293 440 551 726 721 160 928 407 952 780 497 71 836 735 256 856 746 882 840 478 139 212 967 139 267 9 432 581 825 843 783 140 175 372 656 182 844 931 67 556 625 528 208 414 606 480 287 680 96 421 234 145 568 220 167 9 843 556 241 937 797 108 819 627 32 199 811 336 839 953 953 416 745 744 336 803 619 402 504 224 803 669 417 448 913 372 871 98 601 955 10 174 471 539 992 463 607 976 658 930 742 774 891 996 312 874 743 872 581 160 169 422 607 995 410 81 787 612 54 8 577 418 638 927 518 670 833 744 537 62 755 859 530 928 231 792 937 102 828 114 28 251 218 132 322 484 165 842 610 519 285 94 162 672 870 234 722 198 406 13 721 422 640 777 200 387 524 909 862 960 507 223 743 681 332 8 469 754 315 929 975 878 408 819 894 933 98 442 647 96 165 648 383 615 345 110 315 688 162 737 312 309 833 307 449 605 486 799 174 40 345 128 805 509 917 752 372 854 540 47 755 644 142 762 450 334 462 77 764 337 198 584 749 614 550 99 763 791 749 297 624 43 895 886 301 747 544 35 722 320 78 718 736 471 994 609 305 356 67 100 557 199 334 508 111 145 664 434 149 443 852 516 661 138 932 740 493 10 83 499 553 856 9 921 846 597 554 529 872 631 161 38 967 977 638 683 304 206 683 452 412 37 815 670 911 567 575 401 865 696 1000 572 589 428 663 449 789 944 902 700 769 266 743 283 476 703 11 414 309 228 214 805 33 284 933 447 545 445 718 884 278 269 986 977 139 699 976 686 580 93 12 317 107 362 911 415 19 800 993 833 518 669 754 23 419 894 578 749 186 820 138 818 871 513 453 719 445 129 901 52 223 195 276 735 469 934 29 661 865 155 736 553 681 610 303 812 704 690 480 391 316 783 808 130 704 128 748 521 144 745 10 303 203 993 599 114 397 46 713 600 105 901 729 990 262 66 860 238 941 127 636 999 864 114 884 739 914 24 428 236 330 22 123 185 975 701 413 83 172 80 621 100 642 855 381 98 416 494 356 592 542 569 724 618 381 128 851 753 306 800 189 158 402 596 158 625 690 605 93 995 825 988 361 300 469 906 588 342 998 422 990 490 145 783 954 600 530 531 849 399 143 736 810 231 69 902 402 708 858 626 779 764 860 388 320 902 350 798 442 798 223 775 49 157 746 570 615 867 781 113 734 878 889 714 627 544 894 487 125 54 927 971 150 538 188 950 206 708 559 153 900 429 333 585 202 826 422 694 290 476 455 568 879 674 230 223 779 955 2 788 89 470 342 133 172 176 998 224 84 985 657 322 108 685 116 668 596 789 442 404 412 376 550 786 549 771 157 93 637 816 295 385 206 538 756 635 635 107 123 242 536 110 487 877 535 489 534 740 338 304 27 951 733 545 806 389 50 578 487 97 521 601 531 218 705 728 373 506 947 486 366 346 292 865 895 615 112 940 773 360 899 427 775 580 206 968 792 35 942 938 54 801 264 991 432 445 643 884 689 928 645 377 387 228 946 935 416 267 249 742 342 445 415 412 78 280 658 538 727 596 736 702 632 549 192 109 662 450 725 361 228 654 995 824 566 296 351 528 764 264 177 589 73 661 306 721 951 49 586 418 170 906 631 551 733
53
6 52 4 21 48 37 43 51 41 7 38 29 49 5 7 9 43 31 20 35 40 29 47 42 13 2 22 32 11 25 39 16 19 23 8 27 44 12 48 53 24 17 50 14 10 34 30 39 11 15 45 18 36
500
115 158 63 173 344 133 152 239 189 116 187 365 36 276 166 70 282 225 151 232 158 342 54 279 388 33 423 377 161 117 295 368 257 302 29 17 111 101 95 266 289 387 27 283 267 428 389 436 305 160 154 426 1 309 24 413 10 435 299 333 2 3 190 82 40 171 64 277 374 409 138 79 322 29 158 499 429 241 228 311 109 226 203 175 217 97 240 61 126 127 136 204 359 489 412 124 146 328 170 34 492 252 259 426 436 330 446 162 450 176 445 48 85 317 477 323 291 383 370 439 60 25 249 193 159 215 16 231 246 181 295 464 66 400 325 482 307 107 179 465 3 402 261 378 36 474 57 342 224 331 500 191 220 130 11 349 83 437 73 151 145 33 136 209 417 150 469 445 423 238 441 131 155 112 406 421 345 484 382 117 487 377 68 35 221 90 232 442 491 443 228 73 360 338 153 491 65 341 167 329 391 197 154 86 317 199 156 114 176 450 153 293 147 204 213 255 174 196 353 165 168 253 113 285 373 312 481 45 490 487 320 62 428 20 279 433 288 368 319 429 3 79 381 326 111 258 23 7 467 123 222 91 244 449 298 99 246 440 411 68 40 308 42 81 496 330 172 493 324 180 348 171 64 82 337 51 358 284 304 7 12 390 434 440 13 80 436 64 494 495 240 92 188 13 292 309 499 408 361 194 217 104 158 376 405 490 2 477 247 344 251 122 34 44 144 196 138 397 74 290 106 96 75 154 47 252 188 363 424 254 154 358 446 493 345 371 454 482 241 175 297 306 279 497 356 40 134 139 239 497 45 271 392 499 75 139 435 69 281 453 485 496 299 82 200 483 275 39 250 337 89 146 325 18 486 476 450 410 306 201 63 342 16 53 46 108 490 5 195 98 156 186 439 495 126 167 451 296 268 133 3 209 56 357 120 159 231 283 452 289 393 28 251 336 267 314 43 196 229 196 84 81 9 233 177 273 107 113 249 416 490 382 16 219 315 212 402 55 463 286 50 414 347 160 356 464 238 224 394 201 94 280 359 176 488 49 111 260 41 129 322 499 157 221 318 156 428 157 430 32 152 248 89 49 204 260 338 84 15 384 478 155 20 311 100 236 206 188 438 318 71 285 393 470 386 71 354 220 410 202
50
21 1 24 40 29 13 19 12 10 19 39 33 47 5 12 48 49 29 44 4 41 11 26 36 42 14 4 45 6 45 3 7 28 26 22 32 16 35 20 38 50 17 4 31 37 49 23 15 2 42
10
9 4 10 7 2 2 10 10 8 6
100
91 73 33 87 99 67 62 21 28 1 3 94 53 54 24 85 8 61 14 52 89 24 92 27 89 98 39 83 57 80 65 66 46 65 75 74 31 65 4 41 16 63 90 35 99 38 56 23 19 10 67 13 37 11 97 79 32 18 88 79 64 30 18 73 40 17 7 60 63 49 60 81 50 44 42 22 100 68 88 40 86 2 20 45 77 12 48 43 39 84 70 6 59 29 1 90 55 99 9 68
320
193 88 309 165 240 200 83 320 197 150 259 227 19 86 225 196 22 159 200 155 52 114 254 286 304 161 167 288 194 36 246 11 241 172 187 317 306 102 234 66 253 303 290 148 75 157 284 312 95 222 1 292 139 231 69 174 68 7 9 307 142 257 144 314 89 23 302 318 204 73 264 314 134 220 136 4 312 179 78 18 42 247 203 49 62 46 263 98 264 41 245 196 259 282 185 1 90 315 98 305 50 32 213 141 233 132 129 277 227 24 276 244 76 267 210 147 52 258 167 235 67 229 148 30 20 115 262 233 207 92 277 110 136 143 291 272 146 316 43 13 270 289 288 90 122 270 221 79 44 13 89 35 78 32 306 201 113 293 300 100 213 85 243 94 81 251 137 235 205 7 10 252 2 302 184 139 112 24 271 34 159 315 252 87 130 259 57 15 291 250 237 226 124 17 107 215 62 153 126 224 164 224 118 51 58 62 178 227 61 2 318 317 128 67 208 34 176 232 49 5 197 26 126 190 170 145 239 217 216 97 230 181 301 8 188 312 34 39 177 189 288 16 42 295 48 82 44 304 168 119 199 101 73 51 133 156 152 238 171 45 293 195 162 275 160 16 246 117 89 38 74 117 283 175 138 226 14 73 285 221 224 274 20 313 294 65 289 299 217 199 17 40 131 34 67 254 127 79 47 261 111 3 311 209 297 54 81 320 219 189 18 168 283 72 25 160 260 156 83 245
10
6 3 7 1 1 1 1 9 1 2
200
164 8 96 62 154 7 92 107 190 36 175 73 15 10 106 152 128 8 91 166 130 143 61 12 120 21 50 197 144 99 104 89 51 75 122 170 44 191 113 179 59 38 147 163 193 125 140 181 111 176 123 85 101 168 148 65 188 138 119 69 195 43 34 115 156 31 93 183 158 40 19 149 165 24 53 141 52 166 19 132 88 83 54 35 105 147 104 33 24 77 75 103 200 102 30 129 132 178 42 133 198 150 8 77 56 27 199 135 186 13 46 180 135 13 139 114 108 165 18 22 91 197 157 100 57 78 45 13 173 109 184 3 155 26 126 194 189 182 146 136 114 41 67 115 19 153 98 97 32 58 34 59 122 134 113 185 23 175 102 49 107 14 72 167 127 68 112 37 177 169 155 8 30 114 148 196 140 29 6 159 170 75 76 162 83 25 121 16 179 176 134 33 81 161 131 1 70 160 100 4
100
84 90 77 29 37 94 94 12 58 49 70 69 33 13 85 66 98 89 23 21 63 13 41 20 4 19 82 100 27 4 26 61 99 73 75 3 32 59 38 64 68 44 10 96 28 30 41 36 7 67 37 93 64 94 39 9 65 95 34 35 11 51 35 78 43 2 24 92 36 84 85 81 15 73 50 63 18 83 57 12 17 28 14 62 55 66 91 86 8 72 97 52 31 79 44 87 9 86 40 46
20
14 18 4 16 19 7 11 12 18 14 6 16 2 8 1 2 18 11 3 2
101
100 49 66 51 56 80 92 23 21 24 76 5 91 93 3 27 33 96 38 69 94 11 48 70 8 78 26 67 73 97 75 39 54 25 61 97 71 46 30 78 1 71 101 59 2 64 13 20 77 29 88 35 96 72 90 7 98 53 10 43 83 57 28 50 82 75 1 32 74 4 42 6 12 45 68 47 60 89 31 34 84 16 44 86 9 17 81 63 19 87 65 37 22 15 101 85 90 14 41 18 62
100
90 49 66 76 79 55 72 57 14 48 43 100 84 9 31 58 69 36 64 73 68 61 94 86 33 34 42 93 95 60 15 99 25 26 85 18 71 80 44 70 62 27 11 39 59 56 51 10 2 82 47 98 65 96 6 46 8 16 45 30 22 41 87 19 53 3 88 21 17 40 37 7 20 83 89 4 91 92 5 38 97 50 74 13 35 24 63 67 75 1 77 78 28 23 29 54 81 52 32 12
100
19 80 11 85 19 1 38 69 91 13 48 48 21 89 93 48 71 94 6 82 55 38 95 74 30 95 45 51 56 59 20 14 67 36 47 87 9 7 43 55 77 26 97 6 59 16 36 3 29 73 76 44 32 2 40 80 45 75 43 8 99 70 95 95 29 78 12 26 72 85 29 8 46 35 88 1 94 47 45 29 70 31 100 24 62 64 47 58 53 65 100 91 15 92 86 72 59 1 70 9
873
626 800 195 449 702 658 537 535 186 384 460 113 868 365 642 762 643 153 149 228 303 439 400 551 249 859 787 562 251 468 118 637 505 832 469 820 171 542 161 583 112 507 36 538 622 873 64 109 40 544 659 698 793 512 154 336 628 683 293 579 603 590 192 511 30 159 738 397 296 550 498 829 183 417 273 340 519 453 330 11 255 860 194 49 374 852 695 479 588 151 18 31 250 23 539 89 359 10 529 88 657 574 77 198 279 536 725 573 681 791 799 414 301 297 792 821 805 857 393 601 437 542 464 641 744 243 325 500 357 406 825 433 471 869 170 197 722 685 545 104 465 721 692 59 577 257 135 394 757 120 339 452 864 436 355 611 764 549 260 75 827 65 660 644 95 158 587 608 728 51 796 624 124 76 586 41 534 780 7 557 509 804 751 814 467 630 766 667 747 717 373 835 337 139 496 651 773 2 528 127 425 442 462 826 736 670 124 457 145 834 714 688 444 745 105 93 593 262 682 599 610 259 102 546 556 372 561 91 610 495 33 488 248 843 122 62 200 483 649 810 648 794 576 173 504 80 319 597 842 508 438 189 380 193 56 526 635 271 237 772 801 367 817 32 235 831 291 752 430 54 342 671 34 174 811 306 405 669 806 224 654 440 416 61 175 162 524 84 343 700 540 152 789 409 582 840 289 350 13 515 784 871 52 344 219 647 245 150 138 117 39 327 709 312 604 629 232 823 125 797 533 242 848 341 276 666 705 180 207 802 443 602 769 419 15 851 555 855 492 486 58 862 304 115 710 45 221 80 689 391 241 26 531 20 663 429 333 548 708 638 71 493 707 703 521 839 343 591 558 539 867 214 345 428 742 661 491 525 761 564 206 754 410 349 128 790 759 607 445 206 334 3 723 140 240 395 850 163 278 81 454 778 494 756 833 282 106 204 768 532 165 144 824 585 270 614 475 847 750 386 446 358 281 426 589 684 813 716 230 394 385 501 266 220 606 311 830 111 474 731 598 690 316 510 38 169 216 673 795 595 715 718 9 176 472 132 613 5 110 401 182 294 215 68 580 677 636 361 676 758 19 307 79 368 514 346 389 107 352 679 366 594 619 863 191 403 522 653 108 782 269 315 147 412 256 413 268 247 314 29 596 763 737 63 645 858 516 760 681 798 411 640 190 407 4 131 480 286 753 234 178 478 809 184 650 126 103 69 267 310 287 741 229 482 620 434 435 837 719 463 285 149 338 872 427 265 207 743 665 458 392 321 786 377 670 398 623 155 812 819 845 6 857 299 141 846 70 720 646 199 332 870 816 675 656 210 73 559 317 844 362 866 592 284 520 680 351 116 261 687 129 177 506 335 726 405 331 1 734 44 203 541 837 246 48 201 415 849 181 229 100 238 431 246 148 347 25 652 46 701 92 448 66 371 37 712 788 404 196 313 441 841 615 42 381 609 329 499 364 432 209 101 696 27 218 21 543 856 713 353 399 477 777 67 487 160 563 748 137 668 770 489 727 523 217 724 252 808 78 94 16 422 277 861 82 322 143 617 704 227 275 783 134 567 749 244 47 451 632 423 664 166 382 767 762 447 618 730 119 691 674 258 35 502 569 354 290 168 639 133 272 375 470 142 188 584 547 280 461 578 711 226 485 662 201 513 263 779 328 318 60 739 481 625 600 560 803 185 179 518 509 865 759 114 503 605 53 818 527 99 836 807 570 97 693 459 309 554 453 231 205 306 14 305 28 356 98 655 222 781 746 388 466 733 308 295 323 822 213 771 348 387 239 86 765 167 212 326 408 233 828 302 289 121 616 390 484 596 383 566 706 55 633 634 223 606 699 320 274 421 774 96 24 697 370 678 87 672 369 140 254 755 538 211 12 473 565 253 854 324 729 300 572 43 732 553 136 95 8 292 450 838 225 621 376 581 568 815 552 164 57 853 236 396 83 612 144 156 735 90 202 686 283 455 476 85 776 146 490 456 123 785 264
53
23 6 38 43 16 51 40 44 35 24 27 42 37 36 5 21 11 48 9 39 20 17 53 22 41 34 50 3 2 52 47 29 26 18 9 44 49 1 11 15 19 46 45 45 14 35 8 10 12 17 31 25 4
400
359 383 167 18 192 127 165 106 170 116 146 102 46 49 280 242 334 273 107 166 68 231 129 200 286 328 306 3 292 146 345 117 151 370 184 90 377 182 312 154 308 53 73 87 17 67 194 344 241 186 208 72 206 346 38 36 168 109 63 356 362 91 79 51 161 259 219 304 283 83 132 121 52 234 169 1 146 75 258 316 99 193 62 164 298 163 76 161 337 9 82 189 70 367 382 301 93 353 325 212 190 113 5 271 15 277 365 48 276 373 307 70 255 95 310 89 71 235 374 107 37 395 345 18 311 372 282 143 353 361 133 397 96 256 222 200 149 190 175 103 7 323 185 389 140 141 178 114 267 65 265 221 137 246 78 200 143 326 320 157 119 265 179 227 57 25 213 243 150 33 76 225 380 86 30 252 180 130 39 355 14 239 126 333 85 172 104 153 233 399 293 31 135 381 221 54 318 369 83 270 41 305 321 369 92 100 43 176 336 18 252 285 205 206 220 347 38 202 158 378 30 144 318 349 187 339 23 278 326 395 327 203 191 56 179 10 300 149 164 222 215 207 335 274 356 370 24 177 375 223 303 385 154 261 109 188 379 224 138 141 364 75 268 203 29 183 341 97 220 379 236 257 142 166 80 289 338 133 248 263 388 309 8 30 210 50 164 81 120 132 21 237 114 127 28 35 86 159 245 336 54 102 201 22 251 334 45 40 13 330 239 319 139 366 28 294 191 66 331 24 291 95 310 162 32 329 214 227 360 342 376 185 396 288 281 350 394 16 59 173 232 302 375 261 332 362 171 397 64 256 382 123 313 174 147 283 15 162 249 110 228 2 145 74 47 122 314 266 105 55 325 218 140 275 27 340 179 198 226 368 49 108 296 244 94 13 347 315 387 398 88 219 299 197 393 384 248 259 78 236
10
10 8 10 5 8 10 9 6 4 2
59
14 59 31 26 41 38 23 15 11 4 10 48 35 58 28 42 18 33 40 4 33 32 17 45 27 51 40 2 24 44 34 8 56 11 29 46 47 41 9 58 46 53 21 19 1 9 7 16 13 56 5 36 30 26 37 43 55 25 50
873
349 579 325 412 22 577 644 274 20 519 198 46 248 799 98 740 510 530 763 320 321 643 417 70 784 655 256 296 295 127 856 631 54 469 388 271 218 769 703 441 223 761 268 497 143 202 621 570 516 24 704 351 244 263 700 304 108 270 52 702 326 125 637 438 287 865 463 630 478 184 720 705 237 317 398 493 624 205 80 750 570 58 159 217 377 777 241 158 335 494 425 405 521 266 190 45 819 546 182 550 746 633 262 827 663 69 801 675 124 506 119 97 57 336 3 661 333 86 99 172 829 308 636 634 155 620 836 17 133 571 815 648 492 104 792 567 825 841 613 582 224 53 505 468 30 200 6 446 741 873 273 853 845 578 823 364 775 202 293 802 102 541 537 733 480 1 180 706 305 538 588 812 503 121 687 392 238 406 791 23 762 457 724 713 162 188 284 77 50 187 384 734 742 272 390 488 292 9 149 451 33 430 195 600 289 366 738 300 290 725 626 511 212 745 158 94 79 719 67 433 832 362 507 260 122 138 75 16 587 857 250 257 181 68 427 688 858 183 25 231 870 339 393 110 714 394 603 338 605 252 34 764 235 395 170 357 754 360 288 672 255 653 173 727 424 72 489 436 697 387 221 548 651 400 566 258 528 515 95 500 120 583 483 87 787 657 834 143 508 269 487 313 588 281 622 144 408 557 456 152 788 693 722 785 420 753 606 670 869 699 577 310 694 429 222 240 330 352 49 199 547 301 196 535 806 585 403 389 828 474 316 431 148 840 211 409 776 84 690 267 210 341 536 88 680 551 586 82 701 504 709 800 629 833 594 115 279 502 826 592 795 717 136 345 370 342 444 294 674 514 854 771 814 242 450 100 554 580 635 804 355 37 830 337 391 797 728 464 692 382 59 684 475 656 348 36 11 43 838 455 872 564 85 781 192 647 118 265 449 456 277 530 794 757 730 848 598 15 139 286 55 381 501 314 850 868 319 484 109 491 12 103 439 28 609 712 236 11 191 437 611 232 329 66 78 619 576 529 190 860 668 385 411 31 60 280 397 56 179 813 610 197 189 473 839 226 380 453 331 593 851 111 74 311 379 526 89 646 506 573 142 376 527 698 150 176 445 496 264 285 844 735 863 590 442 278 659 790 186 372 423 8 297 254 91 428 859 513 574 81 837 597 707 696 495 207 185 617 852 113 386 253 169 545 13 553 243 759 752 175 246 542 509 452 130 866 213 708 312 747 822 650 280 215 681 798 108 361 7 62 584 726 306 434 18 662 346 871 476 751 356 691 559 786 512 760 135 282 678 645 156 595 820 40 208 26 654 676 555 715 695 64 5 418 683 520 35 43 810 47 129 19 729 565 617 275 783 744 780 126 560 10 283 774 552 318 39 472 399 83 309 755 723 831 114 749 443 758 482 354 677 660 666 509 824 227 768 807 161 123 322 443 614 214 291 404 534 141 817 864 71 716 299 803 90 116 426 477 151 539 562 809 487 756 604 311 664 591 419 92 581 147 525 518 340 561 234 131 166 41 145 679 739 612 658 73 818 461 216 861 57 401 259 867 358 132 146 642 471 470 608 174 532 332 48 328 632 298 481 485 378 855 165 334 498 649 219 618 220 465 624 847 247 107 569 563 743 766 466 438 369 782 639 51 458 524 748 61 462 416 45 669 772 229 793 32 522 479 163 432 38 667 686 849 572 767 765 157 276 134 167 615 410 778 353 383 367 230 499 21 770 29 796 862 63 454 556 206 623 153 76 324 568 101 596 789 4 543 575 531 652 435 625 821 95 239 638 128 171 423 323 645 628 415 737 843 178 302 842 779 627 414 175 736 137 204 261 233 773 44 486 396 731 816 607 371 344 365 447 421 105 251 641 501 467 347 96 671 106 808 460 209 140 544 721 201 523 42 160 558 65 164 589 616 682 327 540 307 599 402 177 373 27 228 359 422 249 2 448 549 711 428 193 440 363 445 154 375 846 413 343 533 407
546
464 323 67 546 384 477 114 155 375 33 176 454 399 2 427 117 406 330 377 43 241 79 401 292 54 225 32 451 305 206 64 184 224 209 28 190 318 380 65 503 27 431 93 78 72 74 347 458 355 169 261 45 14 66 52 540 139 386 250 336 482 246 192 24 186 223 159 332 505 251 166 97 475 149 533 140 270 92 236 422 439 101 410 381 437 112 182 441 125 426 210 429 162 6 449 90 262 296 26 311 517 306 105 485 487 385 193 416 59 263 428 440 141 472 469 131 94 317 490 129 403 411 502 258 316 40 179 95 19 408 506 254 111 23 331 243 280 329 180 294 148 528 443 278 8 543 370 285 358 177 226 364 85 240 46 434 22 15 216 181 154 86 50 374 500 214 310 468 75 252 38 219 282 357 161 465 191 501 301 495 414 175 126 448 479 333 511 353 527 106 130 530 107 138 255 123 452 144 198 398 221 359 303 488 319 124 368 253 279 91 395 98 513 436 344 520 388 367 455 509 362 20 70 430 119 544 298 536 545 99 9 507 80 122 109 293 328 231 266 232 37 89 136 400 340 402 391 167 188 421 25 326 463 484 195 233 286 30 315 135 71 268 425 242 158 345 276 288 526 474 213 200 260 356 534 497 164 445 300 413 420 68 419 265 290 361 460 307 335 338 435 433 13 342 151 229 489 313 314 83 160 352 264 42 394 102 55 424 259 271 481 365 227 499 121 203 297 21 197 525 171 363 199 457 378 535 10 245 63 18 31 81 418 133 393 267 516 145 327 77 110 351 447 518 36 108 7 405 483 442 153 334 212 60 58 205 486 113 82 256 496 39 494 115 269 519 515 207 354 143 56 274 387 312 537 461 423 244 156 194 346 183 152 163 446 466 12 217 409 235 309 103 289 322 459 215 287 473 350 325 462 476 512 202 504 529 510 470 187 407 450 142 521 137 147 84 220 201 150 73 100 467 542 432 249 531 284 456 96 538 304 397 273 379 508 35 291 382 173 222 412 157 415 88 498 239 320 348 146 57 478 372 170 373 172 302 339 218 228 308 438 134 404 360 11 178 257 168 491 116 453 47 272 237 185 29 16 51 281 48 390 61 349 132 471 53 392 234 44 230 383 4 371 389 204 1 369 174 299 532 49 196 376 41 524 283 522 76 539 34 62 247 248 165 343 523 189 396 366 3 127 87 337 104 480 277 208 444 17 321 118 514 5 275 69 211 238 324 541 493 417 120 128 295 341 492
51
14 34 18 44 20 29 2 33 5 37 19 7 27 28 1 22 26 21 6 23 12 23 43 17 42 49 4 24 48 38 45 25 36 2 9 30 50 40 8 22 10 15 16 11 51 39 3 34 32 35 47
10
9 4 10 8 8 2 2 6 6 5
870
251 538 746 518 150 280 156 219 310 466 610 444 722 550 579 24 501 77 557 828 598 50 202 68 160 791 526 278 342 759 493 677 20 323 94 727 183 13 393 817 222 173 24 592 845 845 223 802 37 209 204 354 434 413 808 487 248 536 64 767 627 628 588 519 839 372 274 621 741 667 699 277 539 855 50 754 671 270 403 636 719 78 202 726 27 785 117 183 437 333 647 216 160 306 232 545 523 8 810 632 75 18 456 369 667 583 825 452 488 677 319 164 473 100 114 797 387 324 277 178 711 263 181 821 547 287 782 736 609 54 486 363 300 124 546 730 205 141 837 6 112 674 547 42 118 113 538 103 292 130 360 852 719 779 166 185 231 125 32 605 234 740 583 688 242 246 170 589 853 437 638 850 545 388 416 91 139 706 123 848 222 345 186 809 380 163 274 216 187 7 825 101 153 188 292 858 67 24 662 26 763 340 698 251 450 852 398 120 648 824 567 613 281 98 464 450 468 248 727 297 202 299 711 359 411 838 293 677 11 728 420 335 83 285 293 4 371 378 402 302 530 364 851 91 577 72 595 384 312 68 846 73 76 171 750 334 803 485 247 603 254 678 438 262 92 832 417 546 215 622 310 760 386 231 663 455 294 384 632 501 132 553 790 243 647 568 864 801 277 694 30 149 193 308 614 843 125 434 269 725 84 414 293 858 600 699 837 271 332 336 792 374 434 151 68 603 142 567 497 23 263 80 709 156 478 400 361 118 115 590 497 376 424 500 667 60 491 418 529 792 173 493 6 125 253 782 23 454 448 405 139 861 812 779 30 773 772 139 453 105 142 402 642 559 368 73 771 274 50 828 1 751 218 341 105 326 219 852 1 179 753 421 430 392 302 495 45 792 140 397 664 270 178 411 349 118 55 703 69 104 810 24 280 559 296 461 376 163 55 53 201 251 710 744 443 617 585 698 790 804 508 536 869 666 647 137 88 29 491 312 312 154 219 702 848 297 731 574 352 271 813 605 197 82 111 155 380 312 341 265 757 660 717 348 280 538 859 423 859 704 109 113 221 3 180 744 243 664 776 87 4 393 605 766 454 61 535 172 690 401 200 410 318 369 545 52 438 127 45 419 841 864 287 433 488 568 377 176 808 87 647 583 527 136 768 349 105 519 853 862 569 347 148 209 450 289 287 235 592 362 134 623 11 136 734 157 578 620 798 664 180 828 373 348 587 512 669 649 328 405 515 586 205 164 457 139 349 765 673 701 721 441 851 392 279 650 600 337 665 161 794 736 735 273 260 165 86 490 584 438 31 308 501 519 3 38 432 149 20 278 535 358 88 72 771 445 755 608 736 218 285 452 832 130 325 579 248 678 369 643 675 297 135 268 718 793 344 354 550 97 199 859 338 189 457 590 67 306 51 604 607 172 692 207 658 500 505 647 710 210 810 148 429 310 591 179 347 802 744 703 246 394 110 783 533 474 327 470 211 60 761 71 46 264 615 50 236 704 610 672 327 373 134 307 544 703 483 150 479 630 55 510 155 200 834 315 473 135 441 730 366 683 10 687 43 464 350 587 665 500 698 589 749 838 6 864 68 415 41 42 386 790 156 353 472 193 91 522 792 365 333 293 165 860 199 84 827 517 557 662 175 732 781 584 454 381 601 432 348 239 810 74 185 445 786 562 794 599 368 168 854 420 300 404 128 823 665 455 304 532 34 198 782 840 187 5 376 682 261 406 22 575 201 277 623 61 410 276 438 235 46 166 290 382 182 542 563 667 329 21 175 726 829 215 63 75 204 402 545 549 646 693 701 596 670 621 486 57 38 90 391 101 412 758 39 507 687 599 356 324 118 643 38 538 460 483 579 234 869 624 146 355 820 160 608 780 56 279 538 843 214 12 631 774 535 119 860 809 41 501 249 561 837 570 355 412 691 237 297 576 181 307 821 255 611 202 785 826 520 463 55 831 735 471 849 187 557 471 458 47
320
78 116 210 5 239 197 137 208 205 305 65 162 263 91 266 232 274 296 26 177 101 92 178 18 279 193 288 21 192 116 295 285 134 165 57 175 196 35 79 100 22 185 147 89 214 184 308 293 208 231 8 303 315 105 193 88 97 228 234 180 130 145 181 80 138 268 60 40 106 216 309 162 47 34 304 217 131 275 243 320 16 158 85 298 51 291 149 261 233 211 36 240 268 235 230 9 218 192 22 157 75 294 318 317 42 126 186 188 139 121 315 251 231 102 189 54 158 221 151 164 123 295 234 33 224 2 236 197 154 144 97 67 26 280 247 108 179 285 14 109 156 148 63 167 66 295 10 255 310 42 163 21 152 74 52 127 71 250 17 308 156 163 99 210 195 168 244 71 114 9 209 248 143 17 260 61 275 82 273 111 289 127 75 47 316 65 211 145 3 196 194 24 140 137 176 264 227 56 286 310 178 180 138 209 283 233 117 96 141 81 98 31 162 297 184 171 255 90 211 110 72 244 94 57 319 194 45 196 159 242 252 278 159 128 68 198 206 276 221 173 146 216 4 51 46 288 262 113 237 95 307 124 85 147 114 102 25 75 203 310 201 225 156 142 240 248 292 15 237 277 58 108 43 115 136 74 191 246 6 1 10 48 238 293 270 107 36 284 39 69 118 125 249 223 290 135 112 211 178 160 295 79 1 220 314 90 153 241 58 132 222 96 76 199 320 245 32 21 267 133
997
101 492 955 705 397 426 28 282 563 876 82 5 642 96 829 884 407 608 464 538 896 876 544 176 342 177 885 505 851 670 180 736 191 203 135 362 869 676 102 229 638 625 773 346 787 332 810 631 445 639 113 356 175 967 762 767 852 401 623 603 305 782 27 277 909 751 831 764 470 821 70 570 105 22 181 780 373 376 563 550 199 142 655 94 941 506 744 178 134 264 783 730 924 948 137 174 809 639 917 3 245 632 396 966 192 369 569 339 449 795 750 44 513 338 475 703 702 828 643 868 578 8 331 424 843 662 122 646 369 714 108 639 960 892 599 589 15 99 731 185 884 622 171 854 10 913 834 549 474 965 261 494 41 89 314 596 392 172 555 326 803 826 988 492 200 665 531 672 206 977 585 158 495 476 483 978 40 437 116 936 912 727 39 762 558 666 866 904 596 808 33 791 71 748 19 254 63 11 746 158 111 900 136 253 405 660 30 668 634 726 189 557 100 324 457 924 431 760 447 191 64 92 768 479 411 615 361 712 226 872 33 556 745 802 621 287 382 10 440 953 986 396 58 822 138 20 916 187 541 263 557 604 575 987 779 763 536 194 456 135 406 129 527 319 697 152 771 753 545 481 376 628 462 664 392 201 64 594 49 34 220 8 133 416 749 262 635 802 503 321 526 742 241 623 296 396 18 301 693 786 112 663 716 262 511 769 548 222 696 263 996 830 310 384 160 155 887 32 505 2 785 125 453 50 51 183 766 43 9 48 19 597 289 728 908 797 882 860 823 303 322 239 871 85 833 44 685 736 459 31 471 423 67 55 681 577 609 384 247 460 525 571 990 109 588 309 610 322 778 667 370 729 156 609 511 951 830 715 499 840 940 543 541 358 713 969 48 408 497 681 875 157 300 761 796 230 813 31 41 928 552 21 992 262 659 90 775 848 259 133 277 17 438 128 847 856 87 935 524 419 403 774 479 123 875 350 507 991 677 888 329 154 916 114 711 645 942 299 80 121 914 183 859 159 952 36 165 759 420 781 970 209 446 528 985 699 487 197 269 584 328 656 874 520 897 84 479 537 78 217 459 908 487 516 248 801 595 943 23 817 379 980 175 13 901 221 66 260 653 537 662 631 84 32 974 197 784 787 611 48 543 575 177 316 28 1 613 790 510 627 735 573 675 327 978 982 761 45 756 793 358 83 694 206 313 983 221 325 327 350 924 159 365 693 568 695 485 995 762 921 430 346 501 706 953 890 898 807 878 906 225 343 435 57 962 911 118 97 661 467 139 891 923 811 936 893 873 395 637 4 20 853 298 301 917 876 56 276 928 274 340 270 545 367 827 119 501 871 418 554 106 475 682 444 14 388 336 793 274 755 920 967 483 954 842 779 976 781 190 415 669 371 193 886 176 593 179 430 519 595 236 293 5 351 433 357 291 844 33 314 48 542 620 938 394 275 462 619 218 243 547 204 947 743 815 724 741 842 847 653 917 9 272 570 981 710 946 148 409 843 642 265 239 441 950 798 395 454 857 266 865 883 109 997 582 379 353 401 668 28 775 973 410 704 972 727 41 870 42 689 819 281 429 930 512 812 278 385 691 482 160 590 323 777 976 836 97 123 833 308 68 647 383 106 588 62 612 188 958 650 968 636 69 616 514 295 686 337 75 284 157 253 196 421 173 348 459 940 740 170 258 767 7 131 81 983 59 752 758 550 564 862 191 988 141 795 322 147 288 961 561 355 658 267 311 48 956 422 232 774 198 504 984 2 681 536 448 572 163 210 478 280 717 161 755 510 719 939 997 33 640 733 432 326 824 469 124 402 244 771 792 806 300 155 899 436 889 734 261 382 521 818 225 236 46 902 586 909 335 458 88 671 939 175 205 566 61 665 30 223 126 509 447 790 698 488 452 861 633 381 873 246 125 964 488 428 553 879 114 906 333 184 721 915 360 144 91 878 627 216 358 690 150 610 765 413 319 125 877 139 343 179 480 560 466 22 516 686 990 816 821 380 927 366 897 86 350 208 855 159 307 993 626 629 725 540 162 77 358 442 252 905 155 518 219 104 932 839 820 932 657 692 464 76 849 29 575 841 579 250 825 395 968 666 87 562 644 606 172 233 872 654 806 530 846 127 175 603 522 641 451 925 636 56 417 171 37 368 172 348 490 557 237 228 763 969 729 282 593 717 378 926 126 17 546 427 285 923 949 642 45 772 22 684 149 145 209 334 512 895 874 342 526 306 163 835 290 182 784 841 461 581 592 294 107 501 672
